2.3210	6.6750	0.0000	0.0000	0.0000	1.0000
0.9017	-7.5091	1.0000	0.0000	0.0000	0.0000
5.5917	1.3331	0.0000	0.0000	0.0000	1.0000
-5.6358	-8.8611	1.0000	0.0000	0.0000	0.0000
-0.0715	6.3962	0.0000	0.0000	0.0000	1.0000
6.2739	-8.3353	0.0000	1.0000	0.0000	0.0000
-6.1641	-7.5029	1.0000	0.0000	0.0000	0.0000
9.0386	2.3763	0.0000	0.0000	0.0000	1.0000
-0.7353	-8.2433	1.0000	0.0000	0.0000	0.0000
8.5419	-5.8899	0.0000	0.0000	1.0000	0.0000
4.0579	4.4231	0.0000	0.0000	0.0000	1.0000
6.6169	3.9250	0.0000	0.0000	0.0000	1.0000
-9.4761	3.4582	1.0000	0.0000	0.0000	0.0000
-7.5194	-3.1634	1.0000	0.0000	0.0000	0.0000
8.0446	8.5749	0.0000	0.0000	0.0000	1.0000
3.5082	6.2002	0.0000	0.0000	0.0000	1.0000
-9.3085	6.8969	0.0000	1.0000	0.0000	0.0000
-2.8177	-8.6788	1.0000	0.0000	0.0000	0.0000
-4.9771	-1.8534	1.0000	0.0000	0.0000	0.0000
-2.7420	-7.9851	1.0000	0.0000	0.0000	0.0000
-3.1415	3.9768	0.0000	0.0000	1.0000	0.0000
6.2162	3.4931	0.0000	0.0000	0.0000	1.0000
2.1684	5.4064	0.0000	0.0000	0.0000	1.0000
-3.0440	-8.4803	1.0000	0.0000	0.0000	0.0000
-8.7386	0.0321	1.0000	0.0000	0.0000	0.0000
4.3435	4.2905	0.0000	0.0000	0.0000	1.0000
7.9033	1.2069	0.0000	0.0000	0.0000	1.0000
-0.9779	7.3817	0.0000	0.0000	0.0000	1.0000
1.8498	-3.2291	0.0000	1.0000	0.0000	0.0000
3.3334	3.7797	0.0000	0.0000	0.0000	1.0000
9.0470	-8.4576	0.0000	0.0000	1.0000	0.0000
-8.2571	2.0727	1.0000	0.0000	0.0000	0.0000
5.4604	8.5047	0.0000	0.0000	0.0000	1.0000
-7.3323	-5.9991	1.0000	0.0000	0.0000	0.0000
3.9120	9.1071	0.0000	0.0000	0.0000	1.0000
2.6000	8.3256	0.0000	0.0000	0.0000	1.0000
-9.2084	-7.8847	1.0000	0.0000	0.0000	0.0000
4.6687	3.6188	0.0000	0.0000	0.0000	1.0000
-6.8494	5.6828	0.0000	1.0000	0.0000	0.0000
-0.1484	-1.9114	0.0000	1.0000	0.0000	0.0000
-4.3431	-1.5038	1.0000	0.0000	0.0000	0.0000
-6.6845	-1.8018	1.0000	0.0000	0.0000	0.0000
-1.3425	-5.2392	1.0000	0.0000	0.0000	0.0000
7.4682	3.3712	0.0000	0.0000	0.0000	1.0000
-5.7948	8.2891	0.0000	0.0000	1.0000	0.0000
-4.4691	4.7395	0.0000	0.0000	1.0000	0.0000
0.8945	2.4038	0.0000	0.0000	1.0000	0.0000
3.8690	-6.0873	0.0000	1.0000	0.0000	0.0000
0.6407	9.6978	0.0000	0.0000	0.0000	1.0000
-1.2006	-7.5697	1.0000	0.0000	0.0000	0.0000
7.3734	5.9987	0.0000	0.0000	0.0000	1.0000
-1.2516	3.2219	0.0000	0.0000	1.0000	0.0000
-7.8927	3.6258	0.0000	1.0000	0.0000	0.0000
9.9481	-0.7625	0.0000	0.0000	0.0000	1.0000
2.3387	4.8061	0.0000	0.0000	0.0000	1.0000
-2.4154	-2.5076	0.0000	1.0000	0.0000	0.0000
-5.2799	-2.5610	1.0000	0.0000	0.0000	0.0000
0.0930	1.5160	0.0000	0.0000	1.0000	0.0000
-0.4270	-7.5145	1.0000	0.0000	0.0000	0.0000
2.2953	9.8792	0.0000	0.0000	0.0000	1.0000
-8.0962	-4.4323	1.0000	0.0000	0.0000	0.0000
5.1839	6.2915	0.0000	0.0000	0.0000	1.0000
-8.2348	-0.8438	1.0000	0.0000	0.0000	0.0000
4.2619	0.8325	0.0000	0.0000	1.0000	0.0000
2.7225	-5.9572	0.0000	1.0000	0.0000	0.0000
-4.7207	7.0185	0.0000	0.0000	1.0000	0.0000
-0.2498	-0.5682	0.0000	1.0000	0.0000	0.0000
0.3838	1.5690	0.0000	0.0000	1.0000	0.0000
-3.9775	-9.5373	1.0000	0.0000	0.0000	0.0000
8.3627	5.2016	0.0000	0.0000	0.0000	1.0000
3.8954	9.3217	0.0000	0.0000	0.0000	1.0000
4.7879	3.0688	0.0000	0.0000	0.0000	1.0000
-3.2272	-5.2026	1.0000	0.0000	0.0000	0.0000
-4.2175	-8.6725	1.0000	0.0000	0.0000	0.0000
9.9019	7.9720	0.0000	0.0000	0.0000	1.0000
-8.1138	-2.8848	1.0000	0.0000	0.0000	0.0000
7.7586	-8.3966	0.0000	1.0000	0.0000	0.0000
4.3260	-1.2660	0.0000	0.0000	1.0000	0.0000
9.1093	2.9213	0.0000	0.0000	0.0000	1.0000
-1.6615	-7.2771	1.0000	0.0000	0.0000	0.0000
3.0930	5.1542	0.0000	0.0000	0.0000	1.0000
-7.6662	-2.6437	1.0000	0.0000	0.0000	0.0000
-2.2364	7.4816	0.0000	0.0000	0.0000	1.0000
9.3155	-4.0526	0.0000	0.0000	0.0000	1.0000
-5.3438	6.8473	0.0000	0.0000	1.0000	0.0000
3.0034	-1.3115	0.0000	0.0000	1.0000	0.0000
7.9388	-8.9486	0.0000	1.0000	0.0000	0.0000
-0.8780	-0.6732	0.0000	1.0000	0.0000	0.0000
3.8354	0.8143	0.0000	0.0000	1.0000	0.0000
-5.3385	3.7959	0.0000	1.0000	0.0000	0.0000
2.8127	9.1729	0.0000	0.0000	0.0000	1.0000
9.4632	5.3783	0.0000	0.0000	0.0000	1.0000
6.5846	-9.6873	0.0000	1.0000	0.0000	0.0000
3.0770	-1.3918	0.0000	0.0000	1.0000	0.0000
-8.3453	-5.8922	1.0000	0.0000	0.0000	0.0000
-2.3774	-5.2026	1.0000	0.0000	0.0000	0.0000
6.9905	-6.5875	0.0000	0.0000	1.0000	0.0000
-9.6689	-4.6159	1.0000	0.0000	0.0000	0.0000
0.3330	-9.1579	1.0000	0.0000	0.0000	0.0000
7.1879	8.8218	0.0000	0.0000	0.0000	1.0000
9.2838	1.3568	0.0000	0.0000	0.0000	1.0000
-1.9813	2.3188	0.0000	0.0000	1.0000	0.0000
3.1703	0.3347	0.0000	0.0000	1.0000	0.0000
6.4713	3.2029	0.0000	0.0000	0.0000	1.0000
-1.2642	5.5222	0.0000	0.0000	1.0000	0.0000
2.2533	6.0876	0.0000	0.0000	0.0000	1.0000
-7.7668	8.8158	0.0000	0.0000	1.0000	0.0000
-4.2941	3.6242	0.0000	1.0000	0.0000	0.0000
-2.3240	-2.7308	1.0000	0.0000	0.0000	0.0000
4.4296	-0.0813	0.0000	0.0000	1.0000	0.0000
6.6271	-4.6703	0.0000	0.0000	1.0000	0.0000
-0.9430	6.1765	0.0000	0.0000	0.0000	1.0000
0.9541	-8.4738	1.0000	0.0000	0.0000	0.0000
-5.0386	6.2790	0.0000	0.0000	1.0000	0.0000
-8.9222	5.9423	0.0000	1.0000	0.0000	0.0000
8.8315	-1.4910	0.0000	0.0000	0.0000	1.0000
-9.3275	8.4463	0.0000	1.0000	0.0000	0.0000
-5.4988	2.1888	0.0000	1.0000	0.0000	0.0000
6.3059	0.5493	0.0000	0.0000	0.0000	1.0000
1.8990	-1.7871	0.0000	1.0000	0.0000	0.0000
6.6605	2.8530	0.0000	0.0000	0.0000	1.0000
8.6085	3.0633	0.0000	0.0000	0.0000	1.0000
8.7921	9.3303	0.0000	0.0000	0.0000	1.0000
3.6180	-0.9034	0.0000	0.0000	1.0000	0.0000
3.6139	-5.2264	0.0000	1.0000	0.0000	0.0000
-2.8077	-4.6382	1.0000	0.0000	0.0000	0.0000
-6.4504	1.8462	0.0000	1.0000	0.0000	0.0000
8.1876	-4.4524	0.0000	0.0000	1.0000	0.0000
-2.6336	-4.9955	1.0000	0.0000	0.0000	0.0000
8.0750	-1.6730	0.0000	0.0000	0.0000	1.0000
-7.0409	1.1821	1.0000	0.0000	0.0000	0.0000
-2.7523	-6.6145	1.0000	0.0000	0.0000	0.0000
9.6470	4.3693	0.0000	0.0000	0.0000	1.0000
4.9773	6.5319	0.0000	0.0000	0.0000	1.0000
-5.0251	7.1924	0.0000	0.0000	1.0000	0.0000
9.6180	-7.2356	0.0000	0.0000	1.0000	0.0000
6.1923	4.1003	0.0000	0.0000	0.0000	1.0000
-4.2524	-9.2065	1.0000	0.0000	0.0000	0.0000
-9.6651	6.2590	0.0000	1.0000	0.0000	0.0000
-2.5609	4.5860	0.0000	0.0000	1.0000	0.0000
7.4169	8.0953	0.0000	0.0000	0.0000	1.0000
-1.2387	6.9533	0.0000	0.0000	0.0000	1.0000
4.8236	-5.8251	0.0000	1.0000	0.0000	0.0000
-1.3791	-0.8337	0.0000	1.0000	0.0000	0.0000
-9.4716	6.9745	0.0000	1.0000	0.0000	0.0000
5.0333	-8.6623	0.0000	1.0000	0.0000	0.0000
-0.9340	1.5885	0.0000	0.0000	1.0000	0.0000
-0.6802	2.0772	0.0000	0.0000	1.0000	0.0000
3.2141	2.2604	0.0000	0.0000	0.0000	1.0000
-1.1591	-3.4746	0.0000	1.0000	0.0000	0.0000
-9.8279	-1.9879	1.0000	0.0000	0.0000	0.0000
6.8265	-2.0666	0.0000	0.0000	1.0000	0.0000
-9.2453	-4.5941	1.0000	0.0000	0.0000	0.0000
4.6002	-3.5843	0.0000	0.0000	1.0000	0.0000
-9.5091	6.4375	0.0000	1.0000	0.0000	0.0000
-2.6843	-5.6596	1.0000	0.0000	0.0000	0.0000
-1.5804	-0.3040	0.0000	1.0000	0.0000	0.0000
-4.1408	3.4943	0.0000	1.0000	0.0000	0.0000
-5.1451	4.0051	0.0000	1.0000	0.0000	0.0000
-3.5248	-2.1768	1.0000	0.0000	0.0000	0.0000
1.6102	5.0303	0.0000	0.0000	0.0000	1.0000
7.0111	-6.2776	0.0000	0.0000	1.0000	0.0000
-6.2528	-3.9052	1.0000	0.0000	0.0000	0.0000
-9.7920	-6.1640	1.0000	0.0000	0.0000	0.0000
0.3882	-9.0003	1.0000	0.0000	0.0000	0.0000
5.9609	7.5766	0.0000	0.0000	0.0000	1.0000
8.3687	-9.0881	0.0000	1.0000	0.0000	0.0000
-1.4638	-8.0487	1.0000	0.0000	0.0000	0.0000
7.5054	5.3812	0.0000	0.0000	0.0000	1.0000
-5.0459	-2.3796	1.0000	0.0000	0.0000	0.0000
2.0900	0.8393	0.0000	0.0000	1.0000	0.0000
-3.8183	0.5813	0.0000	1.0000	0.0000	0.0000
4.6820	-1.6295	0.0000	0.0000	1.0000	0.0000
-8.8457	-2.0151	1.0000	0.0000	0.0000	0.0000
6.4091	4.0251	0.0000	0.0000	0.0000	1.0000
-5.8938	-7.9913	1.0000	0.0000	0.0000	0.0000
9.2024	4.3163	0.0000	0.0000	0.0000	1.0000
5.9995	-1.9578	0.0000	0.0000	1.0000	0.0000
9.0665	-1.9309	0.0000	0.0000	0.0000	1.0000
7.1632	-2.2302	0.0000	0.0000	1.0000	0.0000
-4.8299	-6.5633	1.0000	0.0000	0.0000	0.0000
3.4656	-6.2345	0.0000	1.0000	0.0000	0.0000
-4.3063	6.3586	0.0000	0.0000	1.0000	0.0000
9.0719	8.5996	0.0000	0.0000	0.0000	1.0000
5.6559	-1.3421	0.0000	0.0000	1.0000	0.0000
-4.2688	-8.9753	1.0000	0.0000	0.0000	0.0000
2.4222	8.1397	0.0000	0.0000	0.0000	1.0000
1.9372	4.0647	0.0000	0.0000	0.0000	1.0000
-6.8837	3.4836	0.0000	1.0000	0.0000	0.0000
0.5881	2.3713	0.0000	0.0000	1.0000	0.0000
5.7407	-7.1428	0.0000	1.0000	0.0000	0.0000
-4.4961	-3.5648	1.0000	0.0000	0.0000	0.0000
9.1561	-1.2980	0.0000	0.0000	0.0000	1.0000
-4.9521	-9.4779	1.0000	0.0000	0.0000	0.0000
1.0304	-3.7061	0.0000	1.0000	0.0000	0.0000
-4.0983	2.7547	0.0000	1.0000	0.0000	0.0000
3.1624	2.7149	0.0000	0.0000	0.0000	1.0000
9.3090	5.2838	0.0000	0.0000	0.0000	1.0000
-8.4594	6.8465	0.0000	1.0000	0.0000	0.0000
-8.4978	-8.5530	1.0000	0.0000	0.0000	0.0000
-9.5008	-6.3017	1.0000	0.0000	0.0000	0.0000
3.5012	-6.7052	0.0000	1.0000	0.0000	0.0000
6.7942	-0.5026	0.0000	0.0000	0.0000	1.0000
6.5778	-9.2029	0.0000	1.0000	0.0000	0.0000
-9.0912	5.6685	0.0000	1.0000	0.0000	0.0000
2.1943	-2.6866	0.0000	1.0000	0.0000	0.0000
-4.4450	3.9490	0.0000	1.0000	0.0000	0.0000
0.0468	3.0073	0.0000	0.0000	1.0000	0.0000
0.1230	-4.3318	0.0000	1.0000	0.0000	0.0000
-1.3885	4.7757	0.0000	0.0000	1.0000	0.0000
-2.2605	6.9953	0.0000	0.0000	1.0000	0.0000
-4.7716	9.3940	0.0000	0.0000	1.0000	0.0000
0.8688	-8.6394	1.0000	0.0000	0.0000	0.0000
7.9164	7.2941	0.0000	0.0000	0.0000	1.0000
9.8418	-8.4182	0.0000	0.0000	1.0000	0.0000
-1.7704	-0.2536	0.0000	1.0000	0.0000	0.0000
-9.7504	-3.6937	1.0000	0.0000	0.0000	0.0000
-6.5418	0.8188	1.0000	0.0000	0.0000	0.0000
-5.0995	6.7619	0.0000	0.0000	1.0000	0.0000
2.7276	9.1573	0.0000	0.0000	0.0000	1.0000
4.3017	-8.1756	0.0000	1.0000	0.0000	0.0000
9.4252	4.1968	0.0000	0.0000	0.0000	1.0000
-2.1184	4.7384	0.0000	0.0000	1.0000	0.0000
1.1585	-5.1192	0.0000	1.0000	0.0000	0.0000
-4.0413	7.6791	0.0000	0.0000	1.0000	0.0000
-4.9378	-7.0867	1.0000	0.0000	0.0000	0.0000
5.4935	-2.5809	0.0000	0.0000	1.0000	0.0000
5.2193	-2.6367	0.0000	0.0000	1.0000	0.0000
-2.9335	-3.1443	1.0000	0.0000	0.0000	0.0000
1.2750	-2.1347	0.0000	1.0000	0.0000	0.0000
-6.0346	2.5754	0.0000	1.0000	0.0000	0.0000
4.7588	6.2802	0.0000	0.0000	0.0000	1.0000
-6.3355	-3.3240	1.0000	0.0000	0.0000	0.0000
-1.3444	6.0658	0.0000	0.0000	1.0000	0.0000
-3.8542	7.6697	0.0000	0.0000	1.0000	0.0000
-5.9055	0.8107	1.0000	0.0000	0.0000	0.0000
-9.0281	2.0060	1.0000	0.0000	0.0000	0.0000
-6.8027	5.9565	0.0000	1.0000	0.0000	0.0000
-1.4670	4.3454	0.0000	0.0000	1.0000	0.0000
-7.4943	6.7183	0.0000	1.0000	0.0000	0.0000
7.4516	-8.0730	0.0000	1.0000	0.0000	0.0000
4.4851	1.7052	0.0000	0.0000	0.0000	1.0000
5.0309	3.1898	0.0000	0.0000	0.0000	1.0000
4.3264	-6.1929	0.0000	1.0000	0.0000	0.0000
5.6793	6.3911	0.0000	0.0000	0.0000	1.0000
9.3799	-0.0664	0.0000	0.0000	0.0000	1.0000
-7.2157	-5.6004	1.0000	0.0000	0.0000	0.0000
-1.8190	-6.3181	1.0000	0.0000	0.0000	0.0000
8.4033	-2.0115	0.0000	0.0000	0.0000	1.0000
9.6483	-1.3759	0.0000	0.0000	0.0000	1.0000
-3.4982	-4.4041	1.0000	0.0000	0.0000	0.0000
2.8542	-4.6905	0.0000	1.0000	0.0000	0.0000
8.3755	6.4079	0.0000	0.0000	0.0000	1.0000
-8.2053	1.6500	1.0000	0.0000	0.0000	0.0000
-3.7627	6.0217	0.0000	0.0000	1.0000	0.0000
4.0464	-3.0559	0.0000	0.0000	1.0000	0.0000
-3.3504	-0.3070	0.0000	1.0000	0.0000	0.0000
-1.3302	-2.3274	0.0000	1.0000	0.0000	0.0000
-8.4265	-6.4971	1.0000	0.0000	0.0000	0.0000
5.6417	-8.9305	0.0000	1.0000	0.0000	0.0000
-1.9638	-1.0308	0.0000	1.0000	0.0000	0.0000
1.4438	-4.3033	0.0000	1.0000	0.0000	0.0000
4.3447	-5.9470	0.0000	1.0000	0.0000	0.0000
7.8148	-1.7939	0.0000	0.0000	0.0000	1.0000
6.1903	-5.2898	0.0000	0.0000	1.0000	0.0000
9.3393	2.0564	0.0000	0.0000	0.0000	1.0000
-8.1123	-9.4915	1.0000	0.0000	0.0000	0.0000
2.2789	-4.1013	0.0000	1.0000	0.0000	0.0000
-7.0286	-7.1023	1.0000	0.0000	0.0000	0.0000
-6.3361	6.7702	0.0000	0.0000	1.0000	0.0000
-0.9363	-7.5843	1.0000	0.0000	0.0000	0.0000
6.5575	-6.6582	0.0000	1.0000	0.0000	0.0000
0.8206	5.8136	0.0000	0.0000	0.0000	1.0000
9.1296	7.5100	0.0000	0.0000	0.0000	1.0000
-5.4111	5.9305	0.0000	0.0000	1.0000	0.0000
5.5357	1.2237	0.0000	0.0000	0.0000	1.0000
-0.6274	7.7139	0.0000	0.0000	0.0000	1.0000
5.2814	9.9464	0.0000	0.0000	0.0000	1.0000
-8.7184	-7.0006	1.0000	0.0000	0.0000	0.0000
9.2097	2.6732	0.0000	0.0000	0.0000	1.0000
-3.0492	-8.3486	1.0000	0.0000	0.0000	0.0000
-8.6561	7.7339	0.0000	1.0000	0.0000	0.0000
7.1999	1.8171	0.0000	0.0000	0.0000	1.0000
4.1672	3.3456	0.0000	0.0000	0.0000	1.0000
8.4285	-3.4533	0.0000	0.0000	1.0000	0.0000
-2.9523	6.5155	0.0000	0.0000	1.0000	0.0000
6.8310	5.3160	0.0000	0.0000	0.0000	1.0000
8.0733	8.8543	0.0000	0.0000	0.0000	1.0000
2.5989	-9.5498	1.0000	0.0000	0.0000	0.0000
0.7870	3.9709	0.0000	0.0000	1.0000	0.0000
-4.1455	8.4146	0.0000	0.0000	1.0000	0.0000
6.9441	-4.2374	0.0000	0.0000	1.0000	0.0000
-5.1398	3.2922	0.0000	1.0000	0.0000	0.0000
-8.6320	8.9575	0.0000	0.0000	1.0000	0.0000
-6.5766	-5.5882	1.0000	0.0000	0.0000	0.0000
-2.3508	5.9238	0.0000	0.0000	1.0000	0.0000
8.3008	5.6418	0.0000	0.0000	0.0000	1.0000
-4.6155	0.2885	0.0000	1.0000	0.0000	0.0000
3.8005	-0.5637	0.0000	0.0000	1.0000	0.0000
7.6068	-7.3228	0.0000	0.0000	1.0000	0.0000
3.7468	9.2394	0.0000	0.0000	0.0000	1.0000
7.8669	8.5701	0.0000	0.0000	0.0000	1.0000
5.1332	-3.0815	0.0000	0.0000	1.0000	0.0000
-1.4595	-8.9270	1.0000	0.0000	0.0000	0.0000
-0.7409	3.1150	0.0000	0.0000	1.0000	0.0000
1.0362	-4.5299	0.0000	1.0000	0.0000	0.0000
-8.1191	3.5639	0.0000	1.0000	0.0000	0.0000
6.4553	9.5700	0.0000	0.0000	0.0000	1.0000
-6.6074	-6.4947	1.0000	0.0000	0.0000	0.0000
-3.6719	6.0452	0.0000	0.0000	1.0000	0.0000
-5.6282	-6.4731	1.0000	0.0000	0.0000	0.0000
7.6592	2.0542	0.0000	0.0000	0.0000	1.0000
-1.4492	9.8556	0.0000	0.0000	0.0000	1.0000
1.2229	-0.5500	0.0000	0.0000	1.0000	0.0000
-2.4350	-7.1024	1.0000	0.0000	0.0000	0.0000
1.0447	-9.7139	1.0000	0.0000	0.0000	0.0000
-3.8789	5.2310	0.0000	0.0000	1.0000	0.0000
1.3007	-9.6355	1.0000	0.0000	0.0000	0.0000
8.3035	4.7476	0.0000	0.0000	0.0000	1.0000
3.1134	-2.0628	0.0000	0.0000	1.0000	0.0000
-0.9294	-9.8059	1.0000	0.0000	0.0000	0.0000
-6.4945	8.4655	0.0000	0.0000	1.0000	0.0000
1.8110	-9.1361	1.0000	0.0000	0.0000	0.0000
-5.7621	4.9830	0.0000	1.0000	0.0000	0.0000
3.8295	5.0156	0.0000	0.0000	0.0000	1.0000
0.4052	-9.2176	1.0000	0.0000	0.0000	0.0000
6.7283	-5.5851	0.0000	0.0000	1.0000	0.0000
-6.6407	6.1044	0.0000	1.0000	0.0000	0.0000
-3.1427	1.7509	0.0000	1.0000	0.0000	0.0000
3.1179	-1.6574	0.0000	0.0000	1.0000	0.0000
-5.0017	-7.0548	1.0000	0.0000	0.0000	0.0000
-9.3774	-5.7608	1.0000	0.0000	0.0000	0.0000
-3.9916	-6.1373	1.0000	0.0000	0.0000	0.0000
-1.8685	-4.3399	1.0000	0.0000	0.0000	0.0000
-7.8612	-6.7235	1.0000	0.0000	0.0000	0.0000
-7.1126	-5.3159	1.0000	0.0000	0.0000	0.0000
1.9573	7.3419	0.0000	0.0000	0.0000	1.0000
-1.1296	3.8293	0.0000	0.0000	1.0000	0.0000
7.3503	3.4479	0.0000	0.0000	0.0000	1.0000
-9.1986	-3.4593	1.0000	0.0000	0.0000	0.0000
5.3904	-3.1232	0.0000	0.0000	1.0000	0.0000
1.9510	-3.3812	0.0000	1.0000	0.0000	0.0000
-3.3988	0.3557	0.0000	1.0000	0.0000	0.0000
-3.2566	1.1807	0.0000	1.0000	0.0000	0.0000
-2.5486	-2.1353	0.0000	1.0000	0.0000	0.0000
-0.7426	6.9265	0.0000	0.0000	0.0000	1.0000
-4.6973	6.8027	0.0000	0.0000	1.0000	0.0000
-7.9230	9.1340	0.0000	0.0000	1.0000	0.0000
5.4817	2.7085	0.0000	0.0000	0.0000	1.0000
5.4532	0.5609	0.0000	0.0000	0.0000	1.0000
-1.3204	-5.5862	1.0000	0.0000	0.0000	0.0000
1.7363	1.0092	0.0000	0.0000	1.0000	0.0000
7.5756	2.6755	0.0000	0.0000	0.0000	1.0000
5.2567	5.9457	0.0000	0.0000	0.0000	1.0000
-1.7190	0.1414	0.0000	1.0000	0.0000	0.0000
0.4980	1.4506	0.0000	0.0000	1.0000	0.0000
-9.4429	2.9467	1.0000	0.0000	0.0000	0.0000
9.5353	5.8618	0.0000	0.0000	0.0000	1.0000
0.4369	4.6917	0.0000	0.0000	1.0000	0.0000
0.6648	-0.9677	0.0000	1.0000	0.0000	0.0000
-5.3470	-2.6034	1.0000	0.0000	0.0000	0.0000
7.2829	-4.5321	0.0000	0.0000	1.0000	0.0000
6.8602	-6.5031	0.0000	0.0000	1.0000	0.0000
1.1096	-1.0799	0.0000	1.0000	0.0000	0.0000
4.8984	-4.7817	0.0000	0.0000	1.0000	0.0000
0.7705	-1.3229	0.0000	1.0000	0.0000	0.0000
7.8496	-4.9972	0.0000	0.0000	1.0000	0.0000
7.0097	0.2160	0.0000	0.0000	0.0000	1.0000
1.4555	9.8987	0.0000	0.0000	0.0000	1.0000
-1.8150	-6.5393	1.0000	0.0000	0.0000	0.0000
0.8890	-1.3514	0.0000	1.0000	0.0000	0.0000
-3.3189	7.2364	0.0000	0.0000	1.0000	0.0000
-5.9039	5.5279	0.0000	1.0000	0.0000	0.0000
-1.9383	5.9913	0.0000	0.0000	1.0000	0.0000
0.4033	-6.0948	1.0000	0.0000	0.0000	0.0000
-4.8887	-8.9908	1.0000	0.0000	0.0000	0.0000
-8.8513	-6.8473	1.0000	0.0000	0.0000	0.0000
2.8824	-7.2344	0.0000	1.0000	0.0000	0.0000
-3.6449	-2.1115	1.0000	0.0000	0.0000	0.0000
1.0178	0.7628	0.0000	0.0000	1.0000	0.0000
-0.5106	5.5168	0.0000	0.0000	1.0000	0.0000
5.6054	0.5511	0.0000	0.0000	0.0000	1.0000
5.2121	-1.3936	0.0000	0.0000	1.0000	0.0000
-0.6125	1.0643	0.0000	0.0000	1.0000	0.0000
3.4638	-5.6085	0.0000	1.0000	0.0000	0.0000
2.1055	-7.9210	1.0000	0.0000	0.0000	0.0000
2.5685	7.3420	0.0000	0.0000	0.0000	1.0000
2.8932	-8.5021	1.0000	0.0000	0.0000	0.0000
8.5096	3.8999	0.0000	0.0000	0.0000	1.0000
9.1534	2.4108	0.0000	0.0000	0.0000	1.0000
7.1468	6.1777	0.0000	0.0000	0.0000	1.0000
4.8159	5.8567	0.0000	0.0000	0.0000	1.0000
-2.7569	-8.5108	1.0000	0.0000	0.0000	0.0000
-6.9670	-8.4936	1.0000	0.0000	0.0000	0.0000
-5.1853	-1.2028	1.0000	0.0000	0.0000	0.0000
5.4075	-6.2566	0.0000	1.0000	0.0000	0.0000
5.2882	-4.3667	0.0000	0.0000	1.0000	0.0000
6.3703	4.4988	0.0000	0.0000	0.0000	1.0000
7.2337	1.5245	0.0000	0.0000	0.0000	1.0000
-3.6343	3.4223	0.0000	1.0000	0.0000	0.0000
5.0020	-3.3920	0.0000	0.0000	1.0000	0.0000
1.4927	1.1207	0.0000	0.0000	1.0000	0.0000
-5.7718	-5.7380	1.0000	0.0000	0.0000	0.0000
-9.8691	0.2265	1.0000	0.0000	0.0000	0.0000
4.7244	8.9299	0.0000	0.0000	0.0000	1.0000
-9.6051	2.6589	1.0000	0.0000	0.0000	0.0000
-3.3877	7.4426	0.0000	0.0000	1.0000	0.0000
-4.7121	-1.1618	1.0000	0.0000	0.0000	0.0000
-1.1377	-1.4307	0.0000	1.0000	0.0000	0.0000
0.5498	0.0292	0.0000	0.0000	1.0000	0.0000
7.3949	2.0520	0.0000	0.0000	0.0000	1.0000
7.4944	-4.1827	0.0000	0.0000	1.0000	0.0000
5.5318	1.2441	0.0000	0.0000	0.0000	1.0000
2.7552	3.8257	0.0000	0.0000	0.0000	1.0000
1.8334	-2.4770	0.0000	1.0000	0.0000	0.0000
3.9031	3.6868	0.0000	0.0000	0.0000	1.0000
-7.7408	6.3802	0.0000	1.0000	0.0000	0.0000
-3.4329	-0.1496	0.0000	1.0000	0.0000	0.0000
-1.4262	9.8709	0.0000	0.0000	0.0000	1.0000
-2.6268	4.0893	0.0000	0.0000	1.0000	0.0000
4.2424	-4.1318	0.0000	1.0000	0.0000	0.0000
3.4185	9.8935	0.0000	0.0000	0.0000	1.0000
-1.4146	2.5258	0.0000	0.0000	1.0000	0.0000
-8.5375	-9.7345	1.0000	0.0000	0.0000	0.0000
0.2717	5.1126	0.0000	0.0000	0.0000	1.0000
3.9178	-6.0388	0.0000	1.0000	0.0000	0.0000
-2.7027	-2.3259	1.0000	0.0000	0.0000	0.0000
8.4737	-7.6735	0.0000	0.0000	1.0000	0.0000
1.9018	-8.2219	1.0000	0.0000	0.0000	0.0000
-3.6351	5.9379	0.0000	0.0000	1.0000	0.0000
-5.6971	-7.1979	1.0000	0.0000	0.0000	0.0000
4.3277	-7.5398	0.0000	1.0000	0.0000	0.0000
-1.6882	9.3146	0.0000	0.0000	0.0000	1.0000
6.9013	-0.1084	0.0000	0.0000	0.0000	1.0000
6.8039	-4.2549	0.0000	0.0000	1.0000	0.0000
-1.6976	-6.4958	1.0000	0.0000	0.0000	0.0000
8.9571	-3.8640	0.0000	0.0000	1.0000	0.0000
9.5851	-5.6961	0.0000	0.0000	1.0000	0.0000
-2.7767	-8.2087	1.0000	0.0000	0.0000	0.0000
6.1531	0.8681	0.0000	0.0000	0.0000	1.0000
2.3787	3.4620	0.0000	0.0000	0.0000	1.0000
9.4121	2.1947	0.0000	0.0000	0.0000	1.0000
-4.9939	7.0823	0.0000	0.0000	1.0000	0.0000
6.0602	-8.2102	0.0000	1.0000	0.0000	0.0000
-9.0291	-7.5758	1.0000	0.0000	0.0000	0.0000
-5.3712	9.6965	0.0000	0.0000	1.0000	0.0000
-6.1719	-5.2512	1.0000	0.0000	0.0000	0.0000
-8.0603	-8.2176	1.0000	0.0000	0.0000	0.0000
-2.8474	3.2025	0.0000	0.0000	1.0000	0.0000
-2.8275	-3.6101	1.0000	0.0000	0.0000	0.0000
5.7245	5.9533	0.0000	0.0000	0.0000	1.0000
-1.7588	0.5801	0.0000	1.0000	0.0000	0.0000
0.7255	6.6217	0.0000	0.0000	0.0000	1.0000
-0.4246	-8.8243	1.0000	0.0000	0.0000	0.0000
-8.8749	8.6183	0.0000	1.0000	0.0000	0.0000
-4.6443	-9.2120	1.0000	0.0000	0.0000	0.0000
8.6149	-7.9295	0.0000	0.0000	1.0000	0.0000
-7.8301	9.9343	0.0000	0.0000	1.0000	0.0000
3.0132	-6.3362	0.0000	1.0000	0.0000	0.0000
-6.0849	-9.3310	1.0000	0.0000	0.0000	0.0000
-7.6751	-8.1191	1.0000	0.0000	0.0000	0.0000
-2.1647	9.1990	0.0000	0.0000	0.0000	1.0000
-3.5087	-9.5962	1.0000	0.0000	0.0000	0.0000
-1.2156	7.4339	0.0000	0.0000	0.0000	1.0000
7.4489	-9.1430	0.0000	1.0000	0.0000	0.0000
0.3055	-4.6631	0.0000	1.0000	0.0000	0.0000
5.5729	-6.3230	0.0000	1.0000	0.0000	0.0000
-9.6728	-0.1347	1.0000	0.0000	0.0000	0.0000
0.7694	-2.2152	0.0000	1.0000	0.0000	0.0000
7.4492	-5.8030	0.0000	0.0000	1.0000	0.0000
2.3809	9.4975	0.0000	0.0000	0.0000	1.0000
9.4265	-9.2088	0.0000	0.0000	1.0000	0.0000
-6.8530	-4.2651	1.0000	0.0000	0.0000	0.0000
-5.6624	2.9547	0.0000	1.0000	0.0000	0.0000
-8.1040	9.4265	0.0000	0.0000	1.0000	0.0000
-4.8092	-4.8834	1.0000	0.0000	0.0000	0.0000
4.8296	-4.8243	0.0000	1.0000	0.0000	0.0000
0.7663	1.3550	0.0000	0.0000	1.0000	0.0000
7.1882	6.5328	0.0000	0.0000	0.0000	1.0000
-0.4025	-8.3064	1.0000	0.0000	0.0000	0.0000
6.4255	-6.1119	0.0000	0.0000	1.0000	0.0000
0.1811	-9.7781	1.0000	0.0000	0.0000	0.0000
4.8175	5.6351	0.0000	0.0000	0.0000	1.0000
-3.2354	-5.3314	1.0000	0.0000	0.0000	0.0000
-4.8227	3.8551	0.0000	1.0000	0.0000	0.0000
8.7759	5.0634	0.0000	0.0000	0.0000	1.0000
7.2791	-5.9545	0.0000	0.0000	1.0000	0.0000
5.4658	6.1306	0.0000	0.0000	0.0000	1.0000
9.3352	1.7969	0.0000	0.0000	0.0000	1.0000
6.6416	8.3083	0.0000	0.0000	0.0000	1.0000
4.4428	8.3748	0.0000	0.0000	0.0000	1.0000
5.7379	-8.1191	0.0000	1.0000	0.0000	0.0000
-8.2410	5.5261	0.0000	1.0000	0.0000	0.0000
-4.9900	0.1848	0.0000	1.0000	0.0000	0.0000
8.0338	5.8815	0.0000	0.0000	0.0000	1.0000
-2.5217	-4.3504	1.0000	0.0000	0.0000	0.0000
-1.5044	4.2111	0.0000	0.0000	1.0000	0.0000
-3.6249	-6.0665	1.0000	0.0000	0.0000	0.0000
6.6353	7.1303	0.0000	0.0000	0.0000	1.0000
-4.5370	4.3958	0.0000	1.0000	0.0000	0.0000
-4.0675	-9.5486	1.0000	0.0000	0.0000	0.0000
-3.6428	-0.0161	0.0000	1.0000	0.0000	0.0000
9.5523	8.0885	0.0000	0.0000	0.0000	1.0000
2.3612	-9.7420	1.0000	0.0000	0.0000	0.0000
-7.4572	-2.9212	1.0000	0.0000	0.0000	0.0000
3.9912	9.3061	0.0000	0.0000	0.0000	1.0000
-7.7986	-0.3066	1.0000	0.0000	0.0000	0.0000
4.9750	9.8692	0.0000	0.0000	0.0000	1.0000
-0.4441	-5.6119	1.0000	0.0000	0.0000	0.0000
-1.7203	-4.7058	1.0000	0.0000	0.0000	0.0000
1.5732	9.4614	0.0000	0.0000	0.0000	1.0000
9.3342	-1.9531	0.0000	0.0000	0.0000	1.0000
1.6230	9.4900	0.0000	0.0000	0.0000	1.0000
8.5267	3.7636	0.0000	0.0000	0.0000	1.0000
-5.5209	-6.5169	1.0000	0.0000	0.0000	0.0000
-7.2518	-5.1845	1.0000	0.0000	0.0000	0.0000
-5.6460	-5.8082	1.0000	0.0000	0.0000	0.0000
-7.2466	8.7079	0.0000	0.0000	1.0000	0.0000
3.2367	1.2339	0.0000	0.0000	1.0000	0.0000
6.9153	-1.4815	0.0000	0.0000	0.0000	1.0000
8.1756	-9.8026	0.0000	1.0000	0.0000	0.0000
-2.0610	6.2556	0.0000	0.0000	1.0000	0.0000
-8.2905	5.5482	0.0000	1.0000	0.0000	0.0000
-6.3915	4.8965	0.0000	1.0000	0.0000	0.0000
0.3788	-5.6211	1.0000	0.0000	0.0000	0.0000
0.8713	-6.7239	1.0000	0.0000	0.0000	0.0000
-0.4354	-7.5789	1.0000	0.0000	0.0000	0.0000
2.6261	2.5440	0.0000	0.0000	1.0000	0.0000
-3.7477	-7.4441	1.0000	0.0000	0.0000	0.0000
6.4665	-4.9999	0.0000	0.0000	1.0000	0.0000
6.8509	-2.2508	0.0000	0.0000	1.0000	0.0000
-8.5709	-0.6922	1.0000	0.0000	0.0000	0.0000
0.3308	8.1990	0.0000	0.0000	0.0000	1.0000
-7.8699	3.5281	0.0000	1.0000	0.0000	0.0000
-1.6801	-2.8325	0.0000	1.0000	0.0000	0.0000
-9.9091	7.9903	0.0000	1.0000	0.0000	0.0000
0.4401	1.8305	0.0000	0.0000	1.0000	0.0000
2.0272	6.2368	0.0000	0.0000	0.0000	1.0000
-4.6913	-1.3538	1.0000	0.0000	0.0000	0.0000
1.6532	-9.5611	1.0000	0.0000	0.0000	0.0000
2.9129	-6.1745	0.0000	1.0000	0.0000	0.0000
-3.8516	-7.4959	1.0000	0.0000	0.0000	0.0000
-9.7459	-8.7750	1.0000	0.0000	0.0000	0.0000
3.9712	-9.9005	1.0000	0.0000	0.0000	0.0000
-4.6050	7.5119	0.0000	0.0000	1.0000	0.0000
3.4896	9.9772	0.0000	0.0000	0.0000	1.0000
1.8701	2.0254	0.0000	0.0000	1.0000	0.0000
-9.4563	8.7733	0.0000	1.0000	0.0000	0.0000
5.9706	-9.0350	0.0000	1.0000	0.0000	0.0000
-2.6311	8.8371	0.0000	0.0000	0.0000	1.0000
-8.6180	-4.9778	1.0000	0.0000	0.0000	0.0000
7.8856	-6.6333	0.0000	0.0000	1.0000	0.0000
-6.2638	-6.3030	1.0000	0.0000	0.0000	0.0000
2.7759	-1.2155	0.0000	0.0000	1.0000	0.0000
3.3547	3.0266	0.0000	0.0000	0.0000	1.0000
7.1268	9.7662	0.0000	0.0000	0.0000	1.0000
-0.9226	-3.0087	0.0000	1.0000	0.0000	0.0000
-2.2042	3.1520	0.0000	0.0000	1.0000	0.0000
-5.5249	3.4394	0.0000	1.0000	0.0000	0.0000
-6.1966	-7.6228	1.0000	0.0000	0.0000	0.0000
-9.4138	-5.8343	1.0000	0.0000	0.0000	0.0000
-3.6203	3.9815	0.0000	0.0000	1.0000	0.0000
2.0149	2.0240	0.0000	0.0000	1.0000	0.0000
5.7703	-8.4532	0.0000	1.0000	0.0000	0.0000
-3.4236	-7.3819	1.0000	0.0000	0.0000	0.0000
-3.7080	-7.9627	1.0000	0.0000	0.0000	0.0000
7.2353	-9.1334	0.0000	1.0000	0.0000	0.0000
-3.8326	-8.7359	1.0000	0.0000	0.0000	0.0000
-5.1690	8.7969	0.0000	0.0000	1.0000	0.0000
-6.1938	3.6269	0.0000	1.0000	0.0000	0.0000
5.6501	3.5828	0.0000	0.0000	0.0000	1.0000
5.8359	3.2761	0.0000	0.0000	0.0000	1.0000
-7.2767	-5.9780	1.0000	0.0000	0.0000	0.0000
0.7368	-9.2848	1.0000	0.0000	0.0000	0.0000
4.4868	1.9822	0.0000	0.0000	0.0000	1.0000
5.7876	2.9963	0.0000	0.0000	0.0000	1.0000
-9.4262	-6.0127	1.0000	0.0000	0.0000	0.0000
4.3358	6.1705	0.0000	0.0000	0.0000	1.0000
3.5932	-9.4155	1.0000	0.0000	0.0000	0.0000
5.9360	-9.0752	0.0000	1.0000	0.0000	0.0000
-0.4346	-2.3000	0.0000	1.0000	0.0000	0.0000
-1.4287	1.7161	0.0000	0.0000	1.0000	0.0000
-6.4444	-9.6994	1.0000	0.0000	0.0000	0.0000
0.7088	-0.1940	0.0000	0.0000	1.0000	0.0000
0.0439	1.1731	0.0000	0.0000	1.0000	0.0000
2.0966	-2.6447	0.0000	1.0000	0.0000	0.0000
1.9239	4.6357	0.0000	0.0000	0.0000	1.0000
-6.2589	-2.0723	1.0000	0.0000	0.0000	0.0000
-9.2259	-9.8892	1.0000	0.0000	0.0000	0.0000
4.9018	-3.5472	0.0000	0.0000	1.0000	0.0000
-7.1388	1.1419	1.0000	0.0000	0.0000	0.0000
4.1132	-8.5357	0.0000	1.0000	0.0000	0.0000
-1.2630	9.8657	0.0000	0.0000	0.0000	1.0000
-9.6090	-3.2912	1.0000	0.0000	0.0000	0.0000
-3.7817	6.4221	0.0000	0.0000	1.0000	0.0000
3.7737	-6.5559	0.0000	1.0000	0.0000	0.0000
1.3479	-7.6536	1.0000	0.0000	0.0000	0.0000
1.9672	9.8303	0.0000	0.0000	0.0000	1.0000
-0.8802	4.8363	0.0000	0.0000	1.0000	0.0000
-3.8797	7.2402	0.0000	0.0000	1.0000	0.0000
-4.7523	-6.2902	1.0000	0.0000	0.0000	0.0000
-8.9880	-2.9385	1.0000	0.0000	0.0000	0.0000
3.9768	8.0340	0.0000	0.0000	0.0000	1.0000
-3.6103	4.1120	0.0000	0.0000	1.0000	0.0000
7.1626	0.8893	0.0000	0.0000	0.0000	1.0000
-6.6128	-8.6265	1.0000	0.0000	0.0000	0.0000
-6.2478	-8.3702	1.0000	0.0000	0.0000	0.0000
7.5914	-0.9728	0.0000	0.0000	0.0000	1.0000
-0.6016	-9.7935	1.0000	0.0000	0.0000	0.0000
2.9026	-3.4437	0.0000	1.0000	0.0000	0.0000
8.2130	4.2123	0.0000	0.0000	0.0000	1.0000
3.2427	-4.5265	0.0000	1.0000	0.0000	0.0000
-9.9888	-7.6119	1.0000	0.0000	0.0000	0.0000
5.8776	-3.0635	0.0000	0.0000	1.0000	0.0000
-2.5300	-7.4403	1.0000	0.0000	0.0000	0.0000
-3.5067	0.5558	0.0000	1.0000	0.0000	0.0000
6.2100	-1.9760	0.0000	0.0000	1.0000	0.0000
9.3959	3.1680	0.0000	0.0000	0.0000	1.0000
1.3877	-9.8118	1.0000	0.0000	0.0000	0.0000
-9.3948	9.5670	0.0000	0.0000	1.0000	0.0000
5.7563	3.5170	0.0000	0.0000	0.0000	1.0000
0.8554	4.1579	0.0000	0.0000	1.0000	0.0000
1.0371	-8.8306	1.0000	0.0000	0.0000	0.0000
4.9755	9.4524	0.0000	0.0000	0.0000	1.0000
8.3192	-0.6887	0.0000	0.0000	0.0000	1.0000
-7.8616	-0.2966	1.0000	0.0000	0.0000	0.0000
-9.2214	3.1009	1.0000	0.0000	0.0000	0.0000
-6.6502	5.8890	0.0000	1.0000	0.0000	0.0000
9.5557	6.1488	0.0000	0.0000	0.0000	1.0000
-8.0198	6.9314	0.0000	1.0000	0.0000	0.0000
-6.1181	-1.7618	1.0000	0.0000	0.0000	0.0000
-4.2141	-8.1985	1.0000	0.0000	0.0000	0.0000
-0.9125	-3.8371	0.0000	1.0000	0.0000	0.0000
-4.2550	-5.5611	1.0000	0.0000	0.0000	0.0000
5.1595	-8.3130	0.0000	1.0000	0.0000	0.0000
3.9954	-7.9820	0.0000	1.0000	0.0000	0.0000
-8.4728	2.0804	1.0000	0.0000	0.0000	0.0000
2.9810	1.0834	0.0000	0.0000	1.0000	0.0000
-3.1713	-8.4453	1.0000	0.0000	0.0000	0.0000
1.9190	-8.7128	1.0000	0.0000	0.0000	0.0000
4.1141	7.4035	0.0000	0.0000	0.0000	1.0000
-5.3312	-9.1276	1.0000	0.0000	0.0000	0.0000
-7.9874	-3.3644	1.0000	0.0000	0.0000	0.0000
1.4217	2.8998	0.0000	0.0000	1.0000	0.0000
-8.6416	-5.0678	1.0000	0.0000	0.0000	0.0000
-5.1786	-8.2697	1.0000	0.0000	0.0000	0.0000
-8.1111	-4.1860	1.0000	0.0000	0.0000	0.0000
6.8291	0.1604	0.0000	0.0000	0.0000	1.0000
7.8822	-8.5303	0.0000	1.0000	0.0000	0.0000
-9.1332	-9.7494	1.0000	0.0000	0.0000	0.0000
-1.3485	-2.5028	0.0000	1.0000	0.0000	0.0000
1.1568	0.2494	0.0000	0.0000	1.0000	0.0000
-8.6858	5.1212	0.0000	1.0000	0.0000	0.0000
-0.2576	-4.3858	0.0000	1.0000	0.0000	0.0000
-7.4099	6.2695	0.0000	1.0000	0.0000	0.0000
1.7676	-2.8497	0.0000	1.0000	0.0000	0.0000
5.6738	7.6301	0.0000	0.0000	0.0000	1.0000
4.3166	-3.7300	0.0000	0.0000	1.0000	0.0000
0.9676	4.3237	0.0000	0.0000	0.0000	1.0000
-6.4527	-8.4895	1.0000	0.0000	0.0000	0.0000
1.2659	1.1333	0.0000	0.0000	1.0000	0.0000
-3.3277	-1.8257	1.0000	0.0000	0.0000	0.0000
5.0338	0.5229	0.0000	0.0000	0.0000	1.0000
7.4680	9.8804	0.0000	0.0000	0.0000	1.0000
-7.3859	5.0039	0.0000	1.0000	0.0000	0.0000
-3.5654	2.8895	0.0000	1.0000	0.0000	0.0000
5.8431	2.6040	0.0000	0.0000	0.0000	1.0000
2.5291	-5.9708	0.0000	1.0000	0.0000	0.0000
-4.5977	6.6659	0.0000	0.0000	1.0000	0.0000
4.5331	-9.2438	0.0000	1.0000	0.0000	0.0000
5.0871	-2.0439	0.0000	0.0000	1.0000	0.0000
7.6746	-7.5496	0.0000	0.0000	1.0000	0.0000
5.6651	-5.1108	0.0000	0.0000	1.0000	0.0000
-1.2946	-3.1235	0.0000	1.0000	0.0000	0.0000
5.8338	0.5904	0.0000	0.0000	0.0000	1.0000
-6.5228	-8.2836	1.0000	0.0000	0.0000	0.0000
-0.5582	-6.8047	1.0000	0.0000	0.0000	0.0000
8.7034	-4.7300	0.0000	0.0000	1.0000	0.0000
-3.2927	-7.4380	1.0000	0.0000	0.0000	0.0000
-1.7216	5.6909	0.0000	0.0000	1.0000	0.0000
-9.0744	-0.2130	1.0000	0.0000	0.0000	0.0000
-3.4960	-7.3140	1.0000	0.0000	0.0000	0.0000
-2.7275	6.1052	0.0000	0.0000	1.0000	0.0000
8.4201	3.0564	0.0000	0.0000	0.0000	1.0000
-1.1819	-5.6206	1.0000	0.0000	0.0000	0.0000
9.9550	5.1106	0.0000	0.0000	0.0000	1.0000
-3.6680	7.0474	0.0000	0.0000	1.0000	0.0000
0.6634	-7.4259	1.0000	0.0000	0.0000	0.0000
-7.4006	7.5940	0.0000	0.0000	1.0000	0.0000
-5.0613	-1.9649	1.0000	0.0000	0.0000	0.0000
-7.8087	-9.3316	1.0000	0.0000	0.0000	0.0000
8.6973	2.7757	0.0000	0.0000	0.0000	1.0000
7.8790	6.6168	0.0000	0.0000	0.0000	1.0000
-9.0950	1.5131	1.0000	0.0000	0.0000	0.0000
1.1585	9.2423	0.0000	0.0000	0.0000	1.0000
7.2751	-8.4997	0.0000	1.0000	0.0000	0.0000
-5.7791	8.4491	0.0000	0.0000	1.0000	0.0000
5.2621	5.5269	0.0000	0.0000	0.0000	1.0000
3.4769	-5.0470	0.0000	1.0000	0.0000	0.0000
-2.7188	-8.8945	1.0000	0.0000	0.0000	0.0000
5.6878	-0.1975	0.0000	0.0000	0.0000	1.0000
8.4851	8.4946	0.0000	0.0000	0.0000	1.0000
-3.0204	-9.7460	1.0000	0.0000	0.0000	0.0000
7.9057	-0.9009	0.0000	0.0000	0.0000	1.0000
1.5525	0.9616	0.0000	0.0000	1.0000	0.0000
-2.3398	-9.3335	1.0000	0.0000	0.0000	0.0000
4.2044	9.1245	0.0000	0.0000	0.0000	1.0000
-1.5149	4.7622	0.0000	0.0000	1.0000	0.0000
-4.5507	4.1427	0.0000	1.0000	0.0000	0.0000
-3.3474	5.7850	0.0000	0.0000	1.0000	0.0000
-0.6530	3.5326	0.0000	0.0000	1.0000	0.0000
-5.3181	-0.5331	1.0000	0.0000	0.0000	0.0000
-5.5985	6.9832	0.0000	0.0000	1.0000	0.0000
0.9653	4.7468	0.0000	0.0000	0.0000	1.0000
9.0142	-2.0182	0.0000	0.0000	0.0000	1.0000
-3.7955	-1.8429	1.0000	0.0000	0.0000	0.0000
-0.8912	-1.2944	0.0000	1.0000	0.0000	0.0000
-4.6929	-0.1430	0.0000	1.0000	0.0000	0.0000
1.1638	7.8786	0.0000	0.0000	0.0000	1.0000
4.9382	-1.4482	0.0000	0.0000	1.0000	0.0000
-9.7323	-3.8734	1.0000	0.0000	0.0000	0.0000
-7.2659	0.9085	1.0000	0.0000	0.0000	0.0000
9.3594	6.6077	0.0000	0.0000	0.0000	1.0000
-8.5654	9.2878	0.0000	0.0000	1.0000	0.0000
1.4391	-2.6148	0.0000	1.0000	0.0000	0.0000
-5.6222	-9.0793	1.0000	0.0000	0.0000	0.0000
-4.7547	9.0839	0.0000	0.0000	1.0000	0.0000
0.1198	0.4734	0.0000	0.0000	1.0000	0.0000
-7.0354	9.5903	0.0000	0.0000	1.0000	0.0000
3.8644	4.3436	0.0000	0.0000	0.0000	1.0000
-4.6360	5.1462	0.0000	0.0000	1.0000	0.0000
-2.8695	6.6520	0.0000	0.0000	1.0000	0.0000
-1.2203	6.0898	0.0000	0.0000	1.0000	0.0000
-1.9945	6.4874	0.0000	0.0000	1.0000	0.0000
-8.3653	-4.5698	1.0000	0.0000	0.0000	0.0000
3.0499	-5.7078	0.0000	1.0000	0.0000	0.0000
9.7886	1.5737	0.0000	0.0000	0.0000	1.0000
-4.7550	8.3078	0.0000	0.0000	1.0000	0.0000
9.9784	-0.3090	0.0000	0.0000	0.0000	1.0000
9.7436	3.0848	0.0000	0.0000	0.0000	1.0000
3.6966	4.3912	0.0000	0.0000	0.0000	1.0000
8.3949	5.5103	0.0000	0.0000	0.0000	1.0000
4.6469	-8.0510	0.0000	1.0000	0.0000	0.0000
0.0968	6.3372	0.0000	0.0000	0.0000	1.0000
-5.9759	0.9383	1.0000	0.0000	0.0000	0.0000
3.0679	5.1020	0.0000	0.0000	0.0000	1.0000
-3.4913	7.4083	0.0000	0.0000	1.0000	0.0000
9.1928	8.0349	0.0000	0.0000	0.0000	1.0000
-2.6350	-8.2620	1.0000	0.0000	0.0000	0.0000
8.8063	9.3459	0.0000	0.0000	0.0000	1.0000
7.8297	-5.2435	0.0000	0.0000	1.0000	0.0000
9.0411	1.9834	0.0000	0.0000	0.0000	1.0000
-9.4914	2.5630	1.0000	0.0000	0.0000	0.0000
1.6524	8.2391	0.0000	0.0000	0.0000	1.0000
6.7142	6.3600	0.0000	0.0000	0.0000	1.0000
2.6624	-0.8672	0.0000	0.0000	1.0000	0.0000
-8.2265	-0.7295	1.0000	0.0000	0.0000	0.0000
-9.8437	-0.7655	1.0000	0.0000	0.0000	0.0000
1.7183	3.8040	0.0000	0.0000	0.0000	1.0000
8.4600	6.1433	0.0000	0.0000	0.0000	1.0000
6.3831	7.8789	0.0000	0.0000	0.0000	1.0000
1.1293	-4.0957	0.0000	1.0000	0.0000	0.0000
1.9218	2.3153	0.0000	0.0000	1.0000	0.0000
-2.5232	-8.9634	1.0000	0.0000	0.0000	0.0000
-7.5745	3.5016	0.0000	1.0000	0.0000	0.0000
4.8593	-8.3761	0.0000	1.0000	0.0000	0.0000
3.5685	-4.2425	0.0000	1.0000	0.0000	0.0000
2.8236	2.4463	0.0000	0.0000	0.0000	1.0000
-7.4476	-3.5997	1.0000	0.0000	0.0000	0.0000
-5.7824	-0.2891	1.0000	0.0000	0.0000	0.0000
-5.6413	3.3352	0.0000	1.0000	0.0000	0.0000
-0.8530	7.2416	0.0000	0.0000	0.0000	1.0000
9.4811	3.7532	0.0000	0.0000	0.0000	1.0000
-8.5307	5.7296	0.0000	1.0000	0.0000	0.0000
1.3947	4.3146	0.0000	0.0000	0.0000	1.0000
3.1490	-3.7277	0.0000	1.0000	0.0000	0.0000
1.6094	3.6939	0.0000	0.0000	0.0000	1.0000
6.0299	-1.5454	0.0000	0.0000	1.0000	0.0000
7.4599	-7.7124	0.0000	1.0000	0.0000	0.0000
-3.1739	7.5952	0.0000	0.0000	1.0000	0.0000
4.6484	6.8567	0.0000	0.0000	0.0000	1.0000
3.8174	-9.2887	1.0000	0.0000	0.0000	0.0000
-4.8535	-6.0994	1.0000	0.0000	0.0000	0.0000
5.3487	9.0753	0.0000	0.0000	0.0000	1.0000
5.5586	2.6837	0.0000	0.0000	0.0000	1.0000
-4.0571	7.9858	0.0000	0.0000	1.0000	0.0000
-5.1484	2.3129	0.0000	1.0000	0.0000	0.0000
7.7172	-2.8895	0.0000	0.0000	1.0000	0.0000
-3.3964	7.2520	0.0000	0.0000	1.0000	0.0000
-0.4436	-5.8343	1.0000	0.0000	0.0000	0.0000
-6.5598	4.6567	0.0000	1.0000	0.0000	0.0000
-8.2528	0.1669	1.0000	0.0000	0.0000	0.0000
5.6879	-3.6456	0.0000	0.0000	1.0000	0.0000
7.2723	-6.5182	0.0000	0.0000	1.0000	0.0000
-7.1858	0.6933	1.0000	0.0000	0.0000	0.0000
-6.7055	4.7627	0.0000	1.0000	0.0000	0.0000
1.9075	-2.8158	0.0000	1.0000	0.0000	0.0000
1.9529	9.8643	0.0000	0.0000	0.0000	1.0000
4.6518	7.4633	0.0000	0.0000	0.0000	1.0000
-0.6417	-1.3305	0.0000	1.0000	0.0000	0.0000
-9.7886	3.1804	1.0000	0.0000	0.0000	0.0000
2.7488	-1.8639	0.0000	0.0000	1.0000	0.0000
4.0453	6.8305	0.0000	0.0000	0.0000	1.0000
8.8251	2.1137	0.0000	0.0000	0.0000	1.0000
-5.4304	6.6589	0.0000	0.0000	1.0000	0.0000
3.2188	-1.0955	0.0000	0.0000	1.0000	0.0000
3.4004	-2.4250	0.0000	0.0000	1.0000	0.0000
3.6473	3.1007	0.0000	0.0000	0.0000	1.0000
3.9752	-8.5680	0.0000	1.0000	0.0000	0.0000
4.0678	0.2368	0.0000	0.0000	1.0000	0.0000
-3.8318	0.9372	0.0000	1.0000	0.0000	0.0000
-9.1561	8.4825	0.0000	1.0000	0.0000	0.0000
-5.7894	1.4236	0.0000	1.0000	0.0000	0.0000
-8.3217	6.3276	0.0000	1.0000	0.0000	0.0000
-2.8096	-9.1502	1.0000	0.0000	0.0000	0.0000
-8.1793	5.1557	0.0000	1.0000	0.0000	0.0000
-7.5629	1.0392	1.0000	0.0000	0.0000	0.0000
-8.3511	6.4563	0.0000	1.0000	0.0000	0.0000
-5.3655	8.0615	0.0000	0.0000	1.0000	0.0000
-8.1937	-6.0706	1.0000	0.0000	0.0000	0.0000
-5.9318	9.7107	0.0000	0.0000	1.0000	0.0000
9.4391	-2.0340	0.0000	0.0000	0.0000	1.0000
-3.3590	9.6373	0.0000	0.0000	0.0000	1.0000
-8.6715	0.9561	1.0000	0.0000	0.0000	0.0000
0.7680	6.4231	0.0000	0.0000	0.0000	1.0000
-2.3874	-8.1723	1.0000	0.0000	0.0000	0.0000
-0.3639	-6.6954	1.0000	0.0000	0.0000	0.0000
-8.9285	2.6685	1.0000	0.0000	0.0000	0.0000
6.1522	-8.9211	0.0000	1.0000	0.0000	0.0000
-4.4698	2.2227	0.0000	1.0000	0.0000	0.0000
-2.0883	5.1438	0.0000	0.0000	1.0000	0.0000
4.0136	8.0044	0.0000	0.0000	0.0000	1.0000
-4.2553	-4.9276	1.0000	0.0000	0.0000	0.0000
4.0032	2.5836	0.0000	0.0000	0.0000	1.0000
-8.6024	-3.2434	1.0000	0.0000	0.0000	0.0000
7.8704	-6.9588	0.0000	0.0000	1.0000	0.0000
3.8059	-4.8809	0.0000	1.0000	0.0000	0.0000
8.6693	-9.4611	0.0000	1.0000	0.0000	0.0000
8.8506	3.9330	0.0000	0.0000	0.0000	1.0000
2.5519	6.5846	0.0000	0.0000	0.0000	1.0000
7.0555	-7.1727	0.0000	1.0000	0.0000	0.0000
6.8123	9.2397	0.0000	0.0000	0.0000	1.0000
6.3811	9.8196	0.0000	0.0000	0.0000	1.0000
-5.1244	9.9560	0.0000	0.0000	1.0000	0.0000
-4.2624	-5.4516	1.0000	0.0000	0.0000	0.0000
8.9125	8.6624	0.0000	0.0000	0.0000	1.0000
-6.9284	-5.5149	1.0000	0.0000	0.0000	0.0000
3.7123	-6.1004	0.0000	1.0000	0.0000	0.0000
-1.1022	-6.1488	1.0000	0.0000	0.0000	0.0000
-3.1034	-6.8005	1.0000	0.0000	0.0000	0.0000
-6.3529	5.0602	0.0000	1.0000	0.0000	0.0000
1.2003	6.7700	0.0000	0.0000	0.0000	1.0000
-1.9921	1.5996	0.0000	1.0000	0.0000	0.0000
-9.4257	7.9885	0.0000	1.0000	0.0000	0.0000
-1.3127	2.0024	0.0000	0.0000	1.0000	0.0000
5.6517	1.7428	0.0000	0.0000	0.0000	1.0000
-4.8363	4.2409	0.0000	1.0000	0.0000	0.0000
-5.3869	-4.0969	1.0000	0.0000	0.0000	0.0000
8.5235	1.9590	0.0000	0.0000	0.0000	1.0000
2.3456	-2.8664	0.0000	1.0000	0.0000	0.0000
-0.3844	-5.6995	1.0000	0.0000	0.0000	0.0000
-3.1382	2.6196	0.0000	1.0000	0.0000	0.0000
-7.7626	3.1542	0.0000	1.0000	0.0000	0.0000
-8.6800	-0.0186	1.0000	0.0000	0.0000	0.0000
-4.4559	8.4265	0.0000	0.0000	1.0000	0.0000
5.5290	-8.3036	0.0000	1.0000	0.0000	0.0000
6.0577	-2.4411	0.0000	0.0000	1.0000	0.0000
-1.4481	4.0788	0.0000	0.0000	1.0000	0.0000
-1.0336	1.0503	0.0000	1.0000	0.0000	0.0000
-5.3447	-1.2574	1.0000	0.0000	0.0000	0.0000
9.8887	-3.8785	0.0000	0.0000	0.0000	1.0000
-9.2338	5.5908	0.0000	1.0000	0.0000	0.0000
3.2272	9.4382	0.0000	0.0000	0.0000	1.0000
5.7232	1.7935	0.0000	0.0000	0.0000	1.0000
5.8141	1.0730	0.0000	0.0000	0.0000	1.0000
-9.0388	5.6410	0.0000	1.0000	0.0000	0.0000
-4.0041	8.4194	0.0000	0.0000	1.0000	0.0000
-3.8992	5.6084	0.0000	0.0000	1.0000	0.0000
-3.3957	0.8918	0.0000	1.0000	0.0000	0.0000
-2.1916	7.0232	0.0000	0.0000	1.0000	0.0000
7.8990	-4.9390	0.0000	0.0000	1.0000	0.0000
6.3601	-8.1518	0.0000	1.0000	0.0000	0.0000
-0.5202	-8.1560	1.0000	0.0000	0.0000	0.0000
2.9561	1.7662	0.0000	0.0000	1.0000	0.0000
5.7126	-9.5100	0.0000	1.0000	0.0000	0.0000
-4.6150	-9.8418	1.0000	0.0000	0.0000	0.0000
0.5012	8.8415	0.0000	0.0000	0.0000	1.0000
7.3079	2.7861	0.0000	0.0000	0.0000	1.0000
-3.5578	-0.4469	0.0000	1.0000	0.0000	0.0000
1.4687	-3.7351	0.0000	1.0000	0.0000	0.0000
2.4202	-6.5164	0.0000	1.0000	0.0000	0.0000
-7.4398	1.0972	1.0000	0.0000	0.0000	0.0000
8.8307	2.7900	0.0000	0.0000	0.0000	1.0000
9.3840	-4.4184	0.0000	0.0000	1.0000	0.0000
7.1212	0.5763	0.0000	0.0000	0.0000	1.0000
-9.3380	-4.5909	1.0000	0.0000	0.0000	0.0000
6.1317	0.9167	0.0000	0.0000	0.0000	1.0000
-4.6367	9.9137	0.0000	0.0000	0.0000	1.0000
3.5003	2.8627	0.0000	0.0000	0.0000	1.0000
1.6417	4.5651	0.0000	0.0000	0.0000	1.0000
-5.5360	-4.7707	1.0000	0.0000	0.0000	0.0000
-4.2535	8.4021	0.0000	0.0000	1.0000	0.0000
-4.5889	0.2469	0.0000	1.0000	0.0000	0.0000
-8.1608	7.8968	0.0000	1.0000	0.0000	0.0000
-5.9317	1.5077	0.0000	1.0000	0.0000	0.0000
-1.6280	-3.7918	1.0000	0.0000	0.0000	0.0000
7.6356	3.6136	0.0000	0.0000	0.0000	1.0000
-5.6456	-8.5496	1.0000	0.0000	0.0000	0.0000
-0.0789	-9.5375	1.0000	0.0000	0.0000	0.0000
-9.7541	9.6597	0.0000	1.0000	0.0000	0.0000
-1.2530	8.0797	0.0000	0.0000	0.0000	1.0000
-4.2999	2.2775	0.0000	1.0000	0.0000	0.0000
1.3829	9.1883	0.0000	0.0000	0.0000	1.0000
8.1988	-8.9437	0.0000	1.0000	0.0000	0.0000
4.6056	3.6333	0.0000	0.0000	0.0000	1.0000
1.2651	-1.6139	0.0000	1.0000	0.0000	0.0000
-3.8501	9.7650	0.0000	0.0000	0.0000	1.0000
-7.2452	5.7293	0.0000	1.0000	0.0000	0.0000
4.1760	6.4464	0.0000	0.0000	0.0000	1.0000
2.6590	-5.7076	0.0000	1.0000	0.0000	0.0000
-2.0402	-1.0168	0.0000	1.0000	0.0000	0.0000
-3.2079	7.4529	0.0000	0.0000	1.0000	0.0000
4.2181	9.0734	0.0000	0.0000	0.0000	1.0000
-4.6728	-3.2613	1.0000	0.0000	0.0000	0.0000
-1.2739	-1.6707	0.0000	1.0000	0.0000	0.0000
6.5684	3.9901	0.0000	0.0000	0.0000	1.0000
1.7769	0.1265	0.0000	0.0000	1.0000	0.0000
3.1715	6.0663	0.0000	0.0000	0.0000	1.0000
9.2191	3.3162	0.0000	0.0000	0.0000	1.0000
-5.7512	-3.6664	1.0000	0.0000	0.0000	0.0000
-9.7695	-2.9610	1.0000	0.0000	0.0000	0.0000
7.0379	-4.9782	0.0000	0.0000	1.0000	0.0000
9.5074	3.6471	0.0000	0.0000	0.0000	1.0000
-6.9504	-9.2336	1.0000	0.0000	0.0000	0.0000
-7.2404	-9.9383	1.0000	0.0000	0.0000	0.0000
4.0094	9.2469	0.0000	0.0000	0.0000	1.0000
1.4662	7.9594	0.0000	0.0000	0.0000	1.0000
8.2523	6.6873	0.0000	0.0000	0.0000	1.0000
-0.9285	-0.2431	0.0000	1.0000	0.0000	0.0000
4.1043	-6.3475	0.0000	1.0000	0.0000	0.0000
-9.0145	-2.9275	1.0000	0.0000	0.0000	0.0000
-7.9390	4.8635	0.0000	1.0000	0.0000	0.0000
8.7625	3.2297	0.0000	0.0000	0.0000	1.0000
9.2596	-0.4687	0.0000	0.0000	0.0000	1.0000
-1.7076	-9.2390	1.0000	0.0000	0.0000	0.0000
-8.5357	-0.6295	1.0000	0.0000	0.0000	0.0000
-6.4921	0.9013	1.0000	0.0000	0.0000	0.0000
5.4844	-6.9656	0.0000	1.0000	0.0000	0.0000
-1.9454	7.4931	0.0000	0.0000	0.0000	1.0000
-2.5315	8.6487	0.0000	0.0000	0.0000	1.0000
-7.7680	2.3310	1.0000	0.0000	0.0000	0.0000
1.9297	3.4421	0.0000	0.0000	0.0000	1.0000
8.6792	1.0600	0.0000	0.0000	0.0000	1.0000
-4.3047	-6.3552	1.0000	0.0000	0.0000	0.0000
-9.5585	0.3665	1.0000	0.0000	0.0000	0.0000
-2.6621	1.7386	0.0000	1.0000	0.0000	0.0000
8.3943	7.4142	0.0000	0.0000	0.0000	1.0000
-9.5486	-6.1191	1.0000	0.0000	0.0000	0.0000
-2.2739	8.1959	0.0000	0.0000	0.0000	1.0000
0.9653	4.5799	0.0000	0.0000	0.0000	1.0000
1.7984	8.2456	0.0000	0.0000	0.0000	1.0000
-9.3596	0.1531	1.0000	0.0000	0.0000	0.0000
7.3326	-3.0061	0.0000	0.0000	1.0000	0.0000
-7.0749	-3.5644	1.0000	0.0000	0.0000	0.0000
2.3022	2.2238	0.0000	0.0000	1.0000	0.0000
-6.5279	-6.7566	1.0000	0.0000	0.0000	0.0000
6.9884	-7.8984	0.0000	1.0000	0.0000	0.0000
5.3918	-0.7457	0.0000	0.0000	1.0000	0.0000
-6.8442	-8.6303	1.0000	0.0000	0.0000	0.0000
-6.3003	3.8480	0.0000	1.0000	0.0000	0.0000
4.5545	7.9995	0.0000	0.0000	0.0000	1.0000
-1.2298	6.5139	0.0000	0.0000	0.0000	1.0000
-9.2403	7.2714	0.0000	1.0000	0.0000	0.0000
1.2112	-7.0137	1.0000	0.0000	0.0000	0.0000
2.2166	8.9842	0.0000	0.0000	0.0000	1.0000
-8.3073	8.7796	0.0000	0.0000	1.0000	0.0000
3.7054	-7.9434	0.0000	1.0000	0.0000	0.0000
5.0420	8.7049	0.0000	0.0000	0.0000	1.0000
-2.6340	-2.8898	1.0000	0.0000	0.0000	0.0000
2.4883	-8.2762	1.0000	0.0000	0.0000	0.0000
2.3266	-4.3808	0.0000	1.0000	0.0000	0.0000
-5.1727	8.7853	0.0000	0.0000	1.0000	0.0000
-9.1095	-9.2963	1.0000	0.0000	0.0000	0.0000
5.5380	4.7060	0.0000	0.0000	0.0000	1.0000
4.5385	-0.2394	0.0000	0.0000	1.0000	0.0000
0.6022	8.8119	0.0000	0.0000	0.0000	1.0000
-0.4784	-1.1326	0.0000	1.0000	0.0000	0.0000
-3.8292	-2.5263	1.0000	0.0000	0.0000	0.0000
5.2081	5.9994	0.0000	0.0000	0.0000	1.0000
-2.6616	0.3800	0.0000	1.0000	0.0000	0.0000
9.6632	-7.1704	0.0000	0.0000	1.0000	0.0000
1.0692	-1.0867	0.0000	1.0000	0.0000	0.0000
4.0501	4.3135	0.0000	0.0000	0.0000	1.0000
8.4308	7.2967	0.0000	0.0000	0.0000	1.0000
-0.2755	-0.8133	0.0000	1.0000	0.0000	0.0000
0.2140	2.7052	0.0000	0.0000	1.0000	0.0000
1.7686	-4.6788	0.0000	1.0000	0.0000	0.0000
-0.8582	-9.9720	1.0000	0.0000	0.0000	0.0000
5.4464	-1.8943	0.0000	0.0000	1.0000	0.0000
-1.4361	5.4947	0.0000	0.0000	1.0000	0.0000
