4.0347	-1.2075	0.0000	1.0000	0.0000	0.0000
0.1216	8.5376	0.0000	0.0000	1.0000	0.0000
-2.8827	-4.2011	0.0000	1.0000	0.0000	0.0000
-6.1796	-2.2202	0.0000	1.0000	0.0000	0.0000
-3.1089	3.2863	0.0000	1.0000	0.0000	0.0000
8.2765	7.6933	0.0000	0.0000	0.0000	1.0000
-3.1839	3.5833	0.0000	1.0000	0.0000	0.0000
5.5387	5.9600	0.0000	0.0000	1.0000	0.0000
-9.2040	6.0462	0.0000	0.0000	0.0000	1.0000
8.5522	-4.4847	0.0000	0.0000	0.0000	1.0000
9.5012	0.5590	0.0000	0.0000	0.0000	1.0000
-7.0842	7.6766	0.0000	0.0000	0.0000	1.0000
-7.0840	-7.4836	0.0000	0.0000	0.0000	1.0000
7.2090	-9.2170	0.0000	0.0000	0.0000	1.0000
-0.2122	8.0884	0.0000	0.0000	1.0000	0.0000
3.7745	-7.9082	0.0000	0.0000	1.0000	0.0000
-4.1257	2.2954	0.0000	1.0000	0.0000	0.0000
-1.0801	5.2676	0.0000	1.0000	0.0000	0.0000
-9.7726	-0.0792	0.0000	0.0000	0.0000	1.0000
8.1902	-2.0045	0.0000	0.0000	1.0000	0.0000
3.9691	-5.3991	0.0000	1.0000	0.0000	0.0000
-4.3924	-8.8598	0.0000	0.0000	0.0000	1.0000
9.8476	4.3991	0.0000	0.0000	0.0000	1.0000
9.2057	-2.0715	0.0000	0.0000	0.0000	1.0000
7.3037	-3.0121	0.0000	0.0000	1.0000	0.0000
-1.0908	7.5268	0.0000	0.0000	1.0000	0.0000
9.4271	8.8593	0.0000	0.0000	0.0000	1.0000
6.7072	5.5900	0.0000	0.0000	1.0000	0.0000
8.9689	4.3179	0.0000	0.0000	0.0000	1.0000
-0.2178	-0.2841	1.0000	0.0000	0.0000	0.0000
9.2610	5.7662	0.0000	0.0000	0.0000	1.0000
9.2754	3.9695	0.0000	0.0000	0.0000	1.0000
-7.0635	-4.5979	0.0000	0.0000	1.0000	0.0000
-0.9235	0.2813	1.0000	0.0000	0.0000	0.0000
-7.6617	-2.2932	0.0000	0.0000	1.0000	0.0000
-3.4991	-2.1506	1.0000	0.0000	0.0000	0.0000
-5.4758	-8.5714	0.0000	0.0000	0.0000	1.0000
-8.9242	8.9334	0.0000	0.0000	0.0000	1.0000
-2.1932	6.9412	0.0000	0.0000	1.0000	0.0000
6.9861	-0.6386	0.0000	1.0000	0.0000	0.0000
2.8158	6.5953	0.0000	1.0000	0.0000	0.0000
6.2545	-6.0908	0.0000	0.0000	1.0000	0.0000
0.4790	1.9869	1.0000	0.0000	0.0000	0.0000
-3.1905	-4.8855	0.0000	1.0000	0.0000	0.0000
-9.9146	7.7712	0.0000	0.0000	0.0000	1.0000
-7.0914	-7.2573	0.0000	0.0000	0.0000	1.0000
8.5823	8.2764	0.0000	0.0000	0.0000	1.0000
-0.7452	-0.1153	1.0000	0.0000	0.0000	0.0000
0.4175	-4.4048	0.0000	1.0000	0.0000	0.0000
9.0861	-8.6094	0.0000	0.0000	0.0000	1.0000
-5.9976	-5.7176	0.0000	0.0000	1.0000	0.0000
7.0830	-7.7114	0.0000	0.0000	0.0000	1.0000
-8.7456	6.4676	0.0000	0.0000	0.0000	1.0000
5.3378	8.6574	0.0000	0.0000	0.0000	1.0000
4.6472	0.1556	0.0000	1.0000	0.0000	0.0000
-3.9661	4.2239	0.0000	1.0000	0.0000	0.0000
-6.4861	-0.4694	0.0000	1.0000	0.0000	0.0000
0.0867	-1.8593	1.0000	0.0000	0.0000	0.0000
-6.8462	-6.2554	0.0000	0.0000	1.0000	0.0000
-0.3774	3.2101	1.0000	0.0000	0.0000	0.0000
6.7617	5.2302	0.0000	0.0000	1.0000	0.0000
-4.4140	2.7215	0.0000	1.0000	0.0000	0.0000
-5.8346	6.9330	0.0000	0.0000	1.0000	0.0000
8.7916	4.0080	0.0000	0.0000	0.0000	1.0000
-1.2223	-5.6564	0.0000	1.0000	0.0000	0.0000
8.0124	-1.9485	0.0000	0.0000	1.0000	0.0000
0.4676	4.5201	0.0000	1.0000	0.0000	0.0000
7.8540	0.8099	0.0000	0.0000	1.0000	0.0000
-5.7927	1.7104	0.0000	1.0000	0.0000	0.0000
-7.5481	-4.6304	0.0000	0.0000	1.0000	0.0000
-1.9798	-5.7801	0.0000	1.0000	0.0000	0.0000
2.3696	0.2048	1.0000	0.0000	0.0000	0.0000
-5.7903	4.1727	0.0000	1.0000	0.0000	0.0000
7.6584	5.0420	0.0000	0.0000	1.0000	0.0000
0.3965	6.4160	0.0000	1.0000	0.0000	0.0000
5.7534	0.5263	0.0000	1.0000	0.0000	0.0000
2.1059	5.7219	0.0000	1.0000	0.0000	0.0000
-4.6983	-2.9643	0.0000	1.0000	0.0000	0.0000
-4.7644	3.1250	0.0000	1.0000	0.0000	0.0000
7.0914	-7.0386	0.0000	0.0000	0.0000	1.0000
-1.7251	1.5300	1.0000	0.0000	0.0000	0.0000
-0.6211	4.1682	0.0000	1.0000	0.0000	0.0000
-8.1874	3.1345	0.0000	0.0000	1.0000	0.0000
-8.6475	-1.8762	0.0000	0.0000	1.0000	0.0000
-6.0194	-9.4664	0.0000	0.0000	0.0000	1.0000
9.6150	1.1873	0.0000	0.0000	0.0000	1.0000
9.7969	9.7212	0.0000	0.0000	0.0000	1.0000
-3.3975	6.4051	0.0000	0.0000	1.0000	0.0000
9.9525	5.5137	0.0000	0.0000	0.0000	1.0000
6.8560	-1.9031	0.0000	1.0000	0.0000	0.0000
3.8196	2.4619	0.0000	1.0000	0.0000	0.0000
4.5266	-9.5944	0.0000	0.0000	0.0000	1.0000
6.2391	-4.8349	0.0000	0.0000	1.0000	0.0000
-3.8777	-9.7461	0.0000	0.0000	0.0000	1.0000
0.1228	3.5462	1.0000	0.0000	0.0000	0.0000
-1.8045	-6.5654	0.0000	1.0000	0.0000	0.0000
-4.1661	-1.2696	0.0000	1.0000	0.0000	0.0000
0.2451	0.7290	1.0000	0.0000	0.0000	0.0000
-9.6557	-9.7571	0.0000	0.0000	0.0000	1.0000
9.3080	-1.5589	0.0000	0.0000	0.0000	1.0000
-3.4084	0.1884	1.0000	0.0000	0.0000	0.0000
-2.6107	3.1654	1.0000	0.0000	0.0000	0.0000
-3.8114	-6.4539	0.0000	0.0000	1.0000	0.0000
-4.2176	5.4256	0.0000	1.0000	0.0000	0.0000
7.7702	7.3995	0.0000	0.0000	0.0000	1.0000
2.1004	9.8449	0.0000	0.0000	0.0000	1.0000
5.9344	9.6967	0.0000	0.0000	0.0000	1.0000
-6.7217	7.0590	0.0000	0.0000	0.0000	1.0000
4.5816	5.3247	0.0000	1.0000	0.0000	0.0000
7.2976	8.1264	0.0000	0.0000	0.0000	1.0000
7.2362	-8.4181	0.0000	0.0000	0.0000	1.0000
2.5822	-5.9518	0.0000	1.0000	0.0000	0.0000
2.8971	7.5966	0.0000	0.0000	1.0000	0.0000
5.1287	-8.6497	0.0000	0.0000	0.0000	1.0000
5.3633	6.5110	0.0000	0.0000	1.0000	0.0000
8.6317	-3.4244	0.0000	0.0000	1.0000	0.0000
5.9969	2.5891	0.0000	1.0000	0.0000	0.0000
9.7293	9.7881	0.0000	0.0000	0.0000	1.0000
5.3835	-0.4492	0.0000	1.0000	0.0000	0.0000
-5.5647	3.3702	0.0000	1.0000	0.0000	0.0000
4.2703	-8.7829	0.0000	0.0000	0.0000	1.0000
8.3440	5.9197	0.0000	0.0000	0.0000	1.0000
-9.6206	1.8215	0.0000	0.0000	0.0000	1.0000
9.5983	-6.2733	0.0000	0.0000	0.0000	1.0000
-3.8365	4.0738	0.0000	1.0000	0.0000	0.0000
-4.0376	-1.9617	0.0000	1.0000	0.0000	0.0000
-9.9710	-1.1295	0.0000	0.0000	0.0000	1.0000
-2.7322	8.8955	0.0000	0.0000	0.0000	1.0000
-8.7886	-1.1805	0.0000	0.0000	1.0000	0.0000
0.0001	-5.1490	0.0000	1.0000	0.0000	0.0000
0.8676	-0.3725	1.0000	0.0000	0.0000	0.0000
0.0914	-0.3557	1.0000	0.0000	0.0000	0.0000
3.1723	-9.2041	0.0000	0.0000	0.0000	1.0000
4.3811	8.5894	0.0000	0.0000	0.0000	1.0000
2.7921	0.2174	1.0000	0.0000	0.0000	0.0000
-3.7071	-8.5597	0.0000	0.0000	0.0000	1.0000
-2.3084	5.2982	0.0000	1.0000	0.0000	0.0000
-2.9815	-9.9945	0.0000	0.0000	0.0000	1.0000
-7.9474	4.5740	0.0000	0.0000	1.0000	0.0000
-9.9804	7.6881	0.0000	0.0000	0.0000	1.0000
8.8434	-7.2444	0.0000	0.0000	0.0000	1.0000
8.0633	7.3899	0.0000	0.0000	0.0000	1.0000
-9.9797	0.7798	0.0000	0.0000	0.0000	1.0000
-2.0913	2.2809	1.0000	0.0000	0.0000	0.0000
1.1780	-3.1413	1.0000	0.0000	0.0000	0.0000
-7.1701	-2.4992	0.0000	0.0000	1.0000	0.0000
9.5145	3.3759	0.0000	0.0000	0.0000	1.0000
2.6957	-4.9568	0.0000	1.0000	0.0000	0.0000
-8.3612	-8.8560	0.0000	0.0000	0.0000	1.0000
6.9462	-9.2365	0.0000	0.0000	0.0000	1.0000
-6.4727	9.8896	0.0000	0.0000	0.0000	1.0000
0.1488	2.5273	1.0000	0.0000	0.0000	0.0000
-2.2427	-3.9836	0.0000	1.0000	0.0000	0.0000
-6.7351	-4.5753	0.0000	0.0000	1.0000	0.0000
-3.0297	7.1032	0.0000	0.0000	1.0000	0.0000
4.2662	-7.5554	0.0000	0.0000	1.0000	0.0000
6.4045	-3.7103	0.0000	0.0000	1.0000	0.0000
1.5671	9.2624	0.0000	0.0000	0.0000	1.0000
-6.3726	-6.3361	0.0000	0.0000	1.0000	0.0000
1.4631	3.6747	1.0000	0.0000	0.0000	0.0000
-2.2059	-2.8124	1.0000	0.0000	0.0000	0.0000
1.1478	8.3606	0.0000	0.0000	1.0000	0.0000
-5.0192	9.9379	0.0000	0.0000	0.0000	1.0000
-2.7680	0.5464	1.0000	0.0000	0.0000	0.0000
-7.7203	-8.8722	0.0000	0.0000	0.0000	1.0000
-9.6073	6.6612	0.0000	0.0000	0.0000	1.0000
-1.6408	-0.6815	1.0000	0.0000	0.0000	0.0000
4.3560	5.2223	0.0000	1.0000	0.0000	0.0000
5.5353	9.7490	0.0000	0.0000	0.0000	1.0000
-9.4649	-0.6913	0.0000	0.0000	0.0000	1.0000
2.9917	0.7329	1.0000	0.0000	0.0000	0.0000
-3.0283	5.5280	0.0000	1.0000	0.0000	0.0000
-5.6812	-2.5893	0.0000	1.0000	0.0000	0.0000
-4.8450	8.8747	0.0000	0.0000	0.0000	1.0000
-8.8605	-8.2671	0.0000	0.0000	0.0000	1.0000
2.5699	3.8184	0.0000	1.0000	0.0000	0.0000
-1.4761	3.4860	1.0000	0.0000	0.0000	0.0000
-4.4351	-5.0546	0.0000	1.0000	0.0000	0.0000
-2.0905	-2.9316	1.0000	0.0000	0.0000	0.0000
8.0654	6.7951	0.0000	0.0000	0.0000	1.0000
-4.4646	4.4632	0.0000	1.0000	0.0000	0.0000
-9.7692	-1.1579	0.0000	0.0000	0.0000	1.0000
-8.2242	9.8211	0.0000	0.0000	0.0000	1.0000
4.6994	3.4083	0.0000	1.0000	0.0000	0.0000
8.7359	-8.4180	0.0000	0.0000	0.0000	1.0000
-3.6234	-0.9868	1.0000	0.0000	0.0000	0.0000
0.6896	-5.0659	0.0000	1.0000	0.0000	0.0000
7.7444	-5.2568	0.0000	0.0000	0.0000	1.0000
7.4403	-2.9521	0.0000	0.0000	1.0000	0.0000
-7.4855	-1.5725	0.0000	0.0000	1.0000	0.0000
-1.0896	1.1217	1.0000	0.0000	0.0000	0.0000
2.8824	6.2416	0.0000	1.0000	0.0000	0.0000
0.6628	5.9447	0.0000	1.0000	0.0000	0.0000
2.7824	0.5330	1.0000	0.0000	0.0000	0.0000
-6.5652	-5.5884	0.0000	0.0000	1.0000	0.0000
-5.9377	-4.3369	0.0000	0.0000	1.0000	0.0000
7.0717	6.5190	0.0000	0.0000	0.0000	1.0000
1.1233	-2.8286	1.0000	0.0000	0.0000	0.0000
-1.6232	-1.1962	1.0000	0.0000	0.0000	0.0000
9.2944	-9.3449	0.0000	0.0000	0.0000	1.0000
-6.5293	-2.7261	0.0000	1.0000	0.0000	0.0000
-6.4500	1.8351	0.0000	1.0000	0.0000	0.0000
-9.4256	-1.3256	0.0000	0.0000	0.0000	1.0000
-3.8316	1.3701	1.0000	0.0000	0.0000	0.0000
9.4601	7.3209	0.0000	0.0000	0.0000	1.0000
9.9101	6.8133	0.0000	0.0000	0.0000	1.0000
9.2787	3.6371	0.0000	0.0000	0.0000	1.0000
7.4248	-6.7293	0.0000	0.0000	0.0000	1.0000
-2.1739	-2.3007	1.0000	0.0000	0.0000	0.0000
3.4035	-0.2367	1.0000	0.0000	0.0000	0.0000
2.5880	5.5439	0.0000	1.0000	0.0000	0.0000
-4.0612	-8.5620	0.0000	0.0000	0.0000	1.0000
0.9425	-8.3670	0.0000	0.0000	1.0000	0.0000
-6.6056	-9.5788	0.0000	0.0000	0.0000	1.0000
-3.5795	-2.5763	0.0000	1.0000	0.0000	0.0000
1.6734	-7.3089	0.0000	0.0000	1.0000	0.0000
5.2017	-8.1183	0.0000	0.0000	0.0000	1.0000
9.3176	3.9287	0.0000	0.0000	0.0000	1.0000
-6.5393	-3.6545	0.0000	0.0000	1.0000	0.0000
6.8469	-2.0225	0.0000	1.0000	0.0000	0.0000
-4.6271	3.1713	0.0000	1.0000	0.0000	0.0000
8.4829	9.6637	0.0000	0.0000	0.0000	1.0000
5.8275	-9.9708	0.0000	0.0000	0.0000	1.0000
8.0828	-5.4384	0.0000	0.0000	0.0000	1.0000
3.8716	0.7115	1.0000	0.0000	0.0000	0.0000
-9.3860	6.1450	0.0000	0.0000	0.0000	1.0000
4.8328	2.0586	0.0000	1.0000	0.0000	0.0000
2.3187	7.4457	0.0000	0.0000	1.0000	0.0000
2.1784	0.1825	1.0000	0.0000	0.0000	0.0000
-2.9411	3.7255	0.0000	1.0000	0.0000	0.0000
3.5506	9.5727	0.0000	0.0000	0.0000	1.0000
-9.8239	-4.5584	0.0000	0.0000	0.0000	1.0000
9.2537	6.6631	0.0000	0.0000	0.0000	1.0000
6.0572	5.5297	0.0000	0.0000	1.0000	0.0000
-3.7207	-5.7557	0.0000	1.0000	0.0000	0.0000
8.2556	6.6511	0.0000	0.0000	0.0000	1.0000
0.5753	0.0764	1.0000	0.0000	0.0000	0.0000
7.5769	3.5028	0.0000	0.0000	1.0000	0.0000
-9.1527	-2.9019	0.0000	0.0000	0.0000	1.0000
8.5348	2.3771	0.0000	0.0000	1.0000	0.0000
-3.8855	-3.6822	0.0000	1.0000	0.0000	0.0000
-3.5563	2.0759	1.0000	0.0000	0.0000	0.0000
-7.6011	-5.2049	0.0000	0.0000	1.0000	0.0000
-4.3757	5.6720	0.0000	1.0000	0.0000	0.0000
-2.1135	-6.6317	0.0000	1.0000	0.0000	0.0000
7.0428	0.4191	0.0000	1.0000	0.0000	0.0000
1.6918	-4.7025	0.0000	1.0000	0.0000	0.0000
-7.7144	3.9949	0.0000	0.0000	1.0000	0.0000
-3.2198	8.8511	0.0000	0.0000	0.0000	1.0000
-1.4098	5.5756	0.0000	1.0000	0.0000	0.0000
6.6024	-9.4871	0.0000	0.0000	0.0000	1.0000
4.0114	9.9994	0.0000	0.0000	0.0000	1.0000
7.6890	-7.1046	0.0000	0.0000	0.0000	1.0000
8.0657	2.3948	0.0000	0.0000	1.0000	0.0000
-1.7529	6.6746	0.0000	1.0000	0.0000	0.0000
6.6302	-8.6193	0.0000	0.0000	0.0000	1.0000
2.0913	-3.9625	0.0000	1.0000	0.0000	0.0000
-3.9466	-6.3775	0.0000	0.0000	1.0000	0.0000
-2.1449	-8.7956	0.0000	0.0000	1.0000	0.0000
-5.0406	5.9597	0.0000	0.0000	1.0000	0.0000
-0.8909	-6.4887	0.0000	1.0000	0.0000	0.0000
9.3035	5.6374	0.0000	0.0000	0.0000	1.0000
-3.4195	7.2028	0.0000	0.0000	1.0000	0.0000
3.6260	9.6393	0.0000	0.0000	0.0000	1.0000
5.3995	-7.6347	0.0000	0.0000	0.0000	1.0000
1.3621	-5.9600	0.0000	1.0000	0.0000	0.0000
-3.5253	1.0834	1.0000	0.0000	0.0000	0.0000
9.3042	1.3048	0.0000	0.0000	0.0000	1.0000
7.6535	-9.0929	0.0000	0.0000	0.0000	1.0000
9.7019	-8.5926	0.0000	0.0000	0.0000	1.0000
-0.7299	-7.7721	0.0000	0.0000	1.0000	0.0000
-6.6157	-5.1721	0.0000	0.0000	1.0000	0.0000
3.2437	5.1276	0.0000	1.0000	0.0000	0.0000
-7.3039	9.2944	0.0000	0.0000	0.0000	1.0000
-5.7101	4.7294	0.0000	0.0000	1.0000	0.0000
3.1630	-2.0604	1.0000	0.0000	0.0000	0.0000
3.4438	-6.5306	0.0000	0.0000	1.0000	0.0000
-9.2222	-3.0017	0.0000	0.0000	0.0000	1.0000
3.3021	2.4563	1.0000	0.0000	0.0000	0.0000
-5.4933	-6.1577	0.0000	0.0000	1.0000	0.0000
-2.1750	7.1848	0.0000	0.0000	1.0000	0.0000
-4.1220	4.4176	0.0000	1.0000	0.0000	0.0000
-4.4689	-3.9543	0.0000	1.0000	0.0000	0.0000
-5.9303	2.6759	0.0000	1.0000	0.0000	0.0000
-2.3073	-7.1433	0.0000	0.0000	1.0000	0.0000
9.6016	9.8945	0.0000	0.0000	0.0000	1.0000
1.8913	8.9671	0.0000	0.0000	1.0000	0.0000
-5.8771	-2.8834	0.0000	1.0000	0.0000	0.0000
3.1769	1.0529	1.0000	0.0000	0.0000	0.0000
-4.4921	5.6295	0.0000	1.0000	0.0000	0.0000
6.8139	-6.4961	0.0000	0.0000	0.0000	1.0000
7.8067	7.9353	0.0000	0.0000	0.0000	1.0000
6.5845	0.7751	0.0000	1.0000	0.0000	0.0000
-6.1023	-7.3545	0.0000	0.0000	0.0000	1.0000
5.0712	-8.2882	0.0000	0.0000	0.0000	1.0000
-2.8968	8.5755	0.0000	0.0000	1.0000	0.0000
-2.7027	-8.4309	0.0000	0.0000	1.0000	0.0000
-3.6067	2.7073	0.0000	1.0000	0.0000	0.0000
-9.6719	-7.6237	0.0000	0.0000	0.0000	1.0000
7.9338	8.7096	0.0000	0.0000	0.0000	1.0000
0.4319	6.9858	0.0000	1.0000	0.0000	0.0000
-4.8591	6.6049	0.0000	0.0000	1.0000	0.0000
-9.8653	9.0690	0.0000	0.0000	0.0000	1.0000
2.4240	-5.7751	0.0000	1.0000	0.0000	0.0000
1.1382	6.2023	0.0000	1.0000	0.0000	0.0000
-7.7272	-0.3636	0.0000	0.0000	1.0000	0.0000
8.3978	9.2145	0.0000	0.0000	0.0000	1.0000
-8.0795	2.9285	0.0000	0.0000	1.0000	0.0000
-0.2168	-5.5343	0.0000	1.0000	0.0000	0.0000
-7.3285	8.5280	0.0000	0.0000	0.0000	1.0000
-7.1619	0.0822	0.0000	1.0000	0.0000	0.0000
2.7437	4.1190	0.0000	1.0000	0.0000	0.0000
1.4774	6.2973	0.0000	1.0000	0.0000	0.0000
-2.0094	4.9620	0.0000	1.0000	0.0000	0.0000
1.4958	-4.2163	0.0000	1.0000	0.0000	0.0000
-0.7223	-3.0652	1.0000	0.0000	0.0000	0.0000
-7.9997	-9.7680	0.0000	0.0000	0.0000	1.0000
0.3300	-4.1736	0.0000	1.0000	0.0000	0.0000
0.5564	-2.0693	1.0000	0.0000	0.0000	0.0000
1.0749	-7.3728	0.0000	0.0000	1.0000	0.0000
0.5750	9.8797	0.0000	0.0000	0.0000	1.0000
-7.8619	3.7848	0.0000	0.0000	1.0000	0.0000
7.6100	-1.6666	0.0000	0.0000	1.0000	0.0000
1.7471	5.1416	0.0000	1.0000	0.0000	0.0000
2.9430	6.4023	0.0000	1.0000	0.0000	0.0000
6.3480	5.7815	0.0000	0.0000	1.0000	0.0000
-9.9322	2.9751	0.0000	0.0000	0.0000	1.0000
7.6678	-0.3826	0.0000	0.0000	1.0000	0.0000
-3.8080	-0.0637	1.0000	0.0000	0.0000	0.0000
3.0333	-0.0642	1.0000	0.0000	0.0000	0.0000
-0.0877	5.0051	0.0000	1.0000	0.0000	0.0000
-6.6877	2.2655	0.0000	1.0000	0.0000	0.0000
0.3032	6.6636	0.0000	1.0000	0.0000	0.0000
-2.8370	-7.8403	0.0000	0.0000	1.0000	0.0000
9.0202	1.8359	0.0000	0.0000	1.0000	0.0000
6.1133	6.8202	0.0000	0.0000	1.0000	0.0000
2.7590	3.3181	0.0000	1.0000	0.0000	0.0000
-0.6823	8.1977	0.0000	0.0000	1.0000	0.0000
5.7649	1.1961	0.0000	1.0000	0.0000	0.0000
-0.4174	1.0880	1.0000	0.0000	0.0000	0.0000
1.2019	7.1188	0.0000	0.0000	1.0000	0.0000
1.7121	5.9136	0.0000	1.0000	0.0000	0.0000
-0.7848	-8.5840	0.0000	0.0000	1.0000	0.0000
-6.9606	3.8475	0.0000	0.0000	1.0000	0.0000
3.6242	8.5664	0.0000	0.0000	1.0000	0.0000
-3.3495	-2.1130	1.0000	0.0000	0.0000	0.0000
2.5277	-0.4169	1.0000	0.0000	0.0000	0.0000
-1.4734	-2.7717	1.0000	0.0000	0.0000	0.0000
-7.7511	-0.1463	0.0000	0.0000	1.0000	0.0000
0.8401	-6.0052	0.0000	1.0000	0.0000	0.0000
2.8804	3.5973	0.0000	1.0000	0.0000	0.0000
-0.8203	-8.3498	0.0000	0.0000	1.0000	0.0000
8.2321	-5.4325	0.0000	0.0000	0.0000	1.0000
4.2527	5.9801	0.0000	0.0000	1.0000	0.0000
3.2446	0.1826	1.0000	0.0000	0.0000	0.0000
-5.4806	1.9112	0.0000	1.0000	0.0000	0.0000
5.1383	3.9394	0.0000	1.0000	0.0000	0.0000
0.0053	-5.9650	0.0000	1.0000	0.0000	0.0000
5.1734	-7.6092	0.0000	0.0000	1.0000	0.0000
-4.6250	-2.6866	0.0000	1.0000	0.0000	0.0000
4.9800	9.9314	0.0000	0.0000	0.0000	1.0000
-3.8212	-1.5225	1.0000	0.0000	0.0000	0.0000
-5.3691	1.9193	0.0000	1.0000	0.0000	0.0000
0.8399	1.1088	1.0000	0.0000	0.0000	0.0000
9.8379	3.8272	0.0000	0.0000	0.0000	1.0000
-8.0639	-8.3821	0.0000	0.0000	0.0000	1.0000
-0.0630	-6.3260	0.0000	1.0000	0.0000	0.0000
2.2819	-4.5531	0.0000	1.0000	0.0000	0.0000
-8.2643	0.9106	0.0000	0.0000	1.0000	0.0000
-2.3570	-2.2434	1.0000	0.0000	0.0000	0.0000
2.6959	-2.5272	1.0000	0.0000	0.0000	0.0000
-9.2349	4.6065	0.0000	0.0000	0.0000	1.0000
0.5350	-9.7922	0.0000	0.0000	0.0000	1.0000
-4.5084	3.9091	0.0000	1.0000	0.0000	0.0000
-7.6478	-6.3815	0.0000	0.0000	0.0000	1.0000
-7.1932	3.6086	0.0000	0.0000	1.0000	0.0000
-0.7834	-1.3713	1.0000	0.0000	0.0000	0.0000
-2.4868	-2.2395	1.0000	0.0000	0.0000	0.0000
-3.7499	5.3200	0.0000	1.0000	0.0000	0.0000
-3.6561	1.7141	1.0000	0.0000	0.0000	0.0000
-6.6825	1.8851	0.0000	1.0000	0.0000	0.0000
-8.8147	-5.4305	0.0000	0.0000	0.0000	1.0000
6.3136	2.6461	0.0000	1.0000	0.0000	0.0000
-6.5942	-1.4122	0.0000	1.0000	0.0000	0.0000
-7.8429	1.8532	0.0000	0.0000	1.0000	0.0000
4.5032	0.2427	0.0000	1.0000	0.0000	0.0000
-9.1702	-8.7543	0.0000	0.0000	0.0000	1.0000
-2.2081	9.1326	0.0000	0.0000	0.0000	1.0000
3.9991	5.6890	0.0000	1.0000	0.0000	0.0000
8.8497	-5.8168	0.0000	0.0000	0.0000	1.0000
1.5175	-5.9854	0.0000	1.0000	0.0000	0.0000
2.4835	8.6404	0.0000	0.0000	1.0000	0.0000
2.7388	5.7006	0.0000	1.0000	0.0000	0.0000
5.8793	-3.6381	0.0000	1.0000	0.0000	0.0000
1.7472	6.2166	0.0000	1.0000	0.0000	0.0000
-5.0132	-2.7917	0.0000	1.0000	0.0000	0.0000
3.4587	7.4020	0.0000	0.0000	1.0000	0.0000
-4.4291	-1.8264	0.0000	1.0000	0.0000	0.0000
2.4463	-2.0119	1.0000	0.0000	0.0000	0.0000
0.4551	3.6962	1.0000	0.0000	0.0000	0.0000
-8.6382	-9.1322	0.0000	0.0000	0.0000	1.0000
0.4874	-4.7714	0.0000	1.0000	0.0000	0.0000
-9.4312	5.8215	0.0000	0.0000	0.0000	1.0000
-5.8627	2.2686	0.0000	1.0000	0.0000	0.0000
-2.8165	3.3673	0.0000	1.0000	0.0000	0.0000
1.1524	-6.0834	0.0000	1.0000	0.0000	0.0000
3.5328	4.6035	0.0000	1.0000	0.0000	0.0000
0.8299	-8.8111	0.0000	0.0000	1.0000	0.0000
-9.0224	-1.1082	0.0000	0.0000	1.0000	0.0000
8.0175	8.4607	0.0000	0.0000	0.0000	1.0000
7.5636	5.2451	0.0000	0.0000	1.0000	0.0000
7.8215	-8.9817	0.0000	0.0000	0.0000	1.0000
5.8205	-9.0239	0.0000	0.0000	0.0000	1.0000
-0.5350	-8.8487	0.0000	0.0000	1.0000	0.0000
-8.4452	2.3436	0.0000	0.0000	1.0000	0.0000
-3.2596	2.9902	0.0000	1.0000	0.0000	0.0000
2.0843	8.9310	0.0000	0.0000	1.0000	0.0000
-8.9960	6.5738	0.0000	0.0000	0.0000	1.0000
8.3390	-1.5408	0.0000	0.0000	1.0000	0.0000
7.7457	8.2158	0.0000	0.0000	0.0000	1.0000
2.8476	-2.0268	1.0000	0.0000	0.0000	0.0000
-5.2769	5.1663	0.0000	0.0000	1.0000	0.0000
4.9551	3.7466	0.0000	1.0000	0.0000	0.0000
-2.2336	-7.5405	0.0000	0.0000	1.0000	0.0000
-3.5880	-4.3988	0.0000	1.0000	0.0000	0.0000
4.7104	3.6898	0.0000	1.0000	0.0000	0.0000
2.9948	-5.3012	0.0000	1.0000	0.0000	0.0000
-5.0968	0.7093	0.0000	1.0000	0.0000	0.0000
-6.5341	7.9267	0.0000	0.0000	0.0000	1.0000
9.4107	-5.0305	0.0000	0.0000	0.0000	1.0000
0.1005	-4.3567	0.0000	1.0000	0.0000	0.0000
-4.4577	-1.4461	0.0000	1.0000	0.0000	0.0000
3.4067	-7.5699	0.0000	0.0000	1.0000	0.0000
6.7901	9.4277	0.0000	0.0000	0.0000	1.0000
3.9075	-0.5858	1.0000	0.0000	0.0000	0.0000
-7.2247	-4.5115	0.0000	0.0000	1.0000	0.0000
-3.4657	-5.1911	0.0000	1.0000	0.0000	0.0000
-5.5762	1.5745	0.0000	1.0000	0.0000	0.0000
-5.3357	1.7024	0.0000	1.0000	0.0000	0.0000
1.7229	-0.9387	1.0000	0.0000	0.0000	0.0000
3.0394	-6.0338	0.0000	1.0000	0.0000	0.0000
7.2208	-5.0656	0.0000	0.0000	1.0000	0.0000
3.4471	4.2184	0.0000	1.0000	0.0000	0.0000
-4.1941	8.5607	0.0000	0.0000	0.0000	1.0000
6.7063	-0.0788	0.0000	1.0000	0.0000	0.0000
5.6941	3.6055	0.0000	1.0000	0.0000	0.0000
8.9185	-0.8320	0.0000	0.0000	1.0000	0.0000
-0.9617	8.2570	0.0000	0.0000	1.0000	0.0000
6.8150	2.0916	0.0000	1.0000	0.0000	0.0000
4.3580	-3.7214	0.0000	1.0000	0.0000	0.0000
-1.0972	-5.4816	0.0000	1.0000	0.0000	0.0000
-5.3162	7.2516	0.0000	0.0000	1.0000	0.0000
1.3393	5.1967	0.0000	1.0000	0.0000	0.0000
7.4456	-7.4318	0.0000	0.0000	0.0000	1.0000
-3.9290	5.7534	0.0000	1.0000	0.0000	0.0000
-2.0507	7.9192	0.0000	0.0000	1.0000	0.0000
4.4056	9.8347	0.0000	0.0000	0.0000	1.0000
1.2635	-4.5073	0.0000	1.0000	0.0000	0.0000
5.3045	5.0554	0.0000	0.0000	1.0000	0.0000
-8.0061	-5.1353	0.0000	0.0000	0.0000	1.0000
-4.7180	-0.8693	0.0000	1.0000	0.0000	0.0000
-7.9177	6.1672	0.0000	0.0000	0.0000	1.0000
7.6200	2.5846	0.0000	0.0000	1.0000	0.0000
-3.5395	-7.6012	0.0000	0.0000	1.0000	0.0000
4.9424	-9.8782	0.0000	0.0000	0.0000	1.0000
9.0992	9.7639	0.0000	0.0000	0.0000	1.0000
-3.7613	-9.1664	0.0000	0.0000	0.0000	1.0000
-0.4589	2.6950	1.0000	0.0000	0.0000	0.0000
-9.0976	-1.9137	0.0000	0.0000	1.0000	0.0000
-7.3159	1.7672	0.0000	0.0000	1.0000	0.0000
9.6889	-6.3850	0.0000	0.0000	0.0000	1.0000
-0.9008	-9.6385	0.0000	0.0000	0.0000	1.0000
-6.2300	9.3833	0.0000	0.0000	0.0000	1.0000
6.0071	7.7116	0.0000	0.0000	0.0000	1.0000
-3.0241	5.0028	0.0000	1.0000	0.0000	0.0000
-5.1461	-6.3741	0.0000	0.0000	1.0000	0.0000
3.0276	-5.3288	0.0000	1.0000	0.0000	0.0000
-8.7099	1.4981	0.0000	0.0000	1.0000	0.0000
3.2378	-4.6158	0.0000	1.0000	0.0000	0.0000
-5.3292	9.0868	0.0000	0.0000	0.0000	1.0000
3.5824	-9.3094	0.0000	0.0000	0.0000	1.0000
-2.7653	4.4012	0.0000	1.0000	0.0000	0.0000
-0.2199	-8.2170	0.0000	0.0000	1.0000	0.0000
-9.6766	-9.2558	0.0000	0.0000	0.0000	1.0000
-2.2365	-0.7732	1.0000	0.0000	0.0000	0.0000
-3.6146	-3.9221	0.0000	1.0000	0.0000	0.0000
-5.1189	8.1650	0.0000	0.0000	0.0000	1.0000
-1.6671	-0.5851	1.0000	0.0000	0.0000	0.0000
-8.8464	6.4569	0.0000	0.0000	0.0000	1.0000
-4.3965	-8.6314	0.0000	0.0000	0.0000	1.0000
-9.5461	1.7457	0.0000	0.0000	0.0000	1.0000
3.5595	-5.0520	0.0000	1.0000	0.0000	0.0000
3.8493	1.0748	1.0000	0.0000	0.0000	0.0000
-9.8428	-8.6104	0.0000	0.0000	0.0000	1.0000
-6.4069	-8.4264	0.0000	0.0000	0.0000	1.0000
-8.6337	-1.1399	0.0000	0.0000	1.0000	0.0000
-1.5425	4.3277	0.0000	1.0000	0.0000	0.0000
-3.1732	6.6061	0.0000	0.0000	1.0000	0.0000
1.2260	-4.4582	0.0000	1.0000	0.0000	0.0000
-8.0393	-9.6755	0.0000	0.0000	0.0000	1.0000
4.2198	-8.9860	0.0000	0.0000	0.0000	1.0000
-3.7971	3.3965	0.0000	1.0000	0.0000	0.0000
4.6057	6.6015	0.0000	0.0000	1.0000	0.0000
-7.1761	7.2133	0.0000	0.0000	0.0000	1.0000
-7.8420	-1.6714	0.0000	0.0000	1.0000	0.0000
3.3178	-9.4964	0.0000	0.0000	0.0000	1.0000
9.9430	8.9461	0.0000	0.0000	0.0000	1.0000
8.8098	0.8619	0.0000	0.0000	1.0000	0.0000
-4.4001	-8.9463	0.0000	0.0000	0.0000	1.0000
9.8769	-1.2924	0.0000	0.0000	0.0000	1.0000
-6.4538	-7.4066	0.0000	0.0000	0.0000	1.0000
6.8083	-9.8540	0.0000	0.0000	0.0000	1.0000
-5.8425	2.5207	0.0000	1.0000	0.0000	0.0000
9.0621	5.5487	0.0000	0.0000	0.0000	1.0000
-0.1460	-0.2807	1.0000	0.0000	0.0000	0.0000
-9.3180	0.7456	0.0000	0.0000	0.0000	1.0000
0.5942	8.8793	0.0000	0.0000	1.0000	0.0000
0.2593	-5.5335	0.0000	1.0000	0.0000	0.0000
6.5775	0.1659	0.0000	1.0000	0.0000	0.0000
2.4752	2.7916	1.0000	0.0000	0.0000	0.0000
-1.2104	-0.8037	1.0000	0.0000	0.0000	0.0000
-1.1363	-0.4617	1.0000	0.0000	0.0000	0.0000
5.1949	3.7322	0.0000	1.0000	0.0000	0.0000
-2.3476	-4.6400	0.0000	1.0000	0.0000	0.0000
-0.1216	-0.6536	1.0000	0.0000	0.0000	0.0000
1.8741	3.5746	1.0000	0.0000	0.0000	0.0000
-6.5665	6.7928	0.0000	0.0000	0.0000	1.0000
4.3756	6.3219	0.0000	0.0000	1.0000	0.0000
6.5176	1.5199	0.0000	1.0000	0.0000	0.0000
-4.5034	8.9201	0.0000	0.0000	0.0000	1.0000
-7.0054	0.9654	0.0000	1.0000	0.0000	0.0000
2.4817	-3.5809	0.0000	1.0000	0.0000	0.0000
-4.7713	1.5033	0.0000	1.0000	0.0000	0.0000
-6.5668	9.7771	0.0000	0.0000	0.0000	1.0000
-0.2164	-6.6980	0.0000	1.0000	0.0000	0.0000
-0.9284	-8.5127	0.0000	0.0000	1.0000	0.0000
-9.1527	-4.9868	0.0000	0.0000	0.0000	1.0000
9.9474	5.1118	0.0000	0.0000	0.0000	1.0000
-6.4121	8.8273	0.0000	0.0000	0.0000	1.0000
-8.0573	9.9046	0.0000	0.0000	0.0000	1.0000
5.7532	-4.5902	0.0000	0.0000	1.0000	0.0000
-5.6372	6.5301	0.0000	0.0000	1.0000	0.0000
8.7907	1.6916	0.0000	0.0000	1.0000	0.0000
2.7156	1.9866	1.0000	0.0000	0.0000	0.0000
4.2971	3.2234	0.0000	1.0000	0.0000	0.0000
9.4920	-0.2195	0.0000	0.0000	0.0000	1.0000
-4.5126	7.9182	0.0000	0.0000	1.0000	0.0000
4.9422	4.7448	0.0000	1.0000	0.0000	0.0000
-0.1530	7.8497	0.0000	0.0000	1.0000	0.0000
5.6586	-9.4623	0.0000	0.0000	0.0000	1.0000
-3.5455	8.5009	0.0000	0.0000	1.0000	0.0000
-5.4201	2.7660	0.0000	1.0000	0.0000	0.0000
7.7930	1.3123	0.0000	0.0000	1.0000	0.0000
-2.8500	2.6387	1.0000	0.0000	0.0000	0.0000
7.9457	9.8181	0.0000	0.0000	0.0000	1.0000
9.2965	-6.3961	0.0000	0.0000	0.0000	1.0000
-7.8444	-8.2322	0.0000	0.0000	0.0000	1.0000
-6.8396	-7.1042	0.0000	0.0000	0.0000	1.0000
9.5797	9.9339	0.0000	0.0000	0.0000	1.0000
0.0032	-9.8433	0.0000	0.0000	0.0000	1.0000
1.9822	2.1573	1.0000	0.0000	0.0000	0.0000
8.0785	8.4296	0.0000	0.0000	0.0000	1.0000
-2.5859	-1.8131	1.0000	0.0000	0.0000	0.0000
7.2720	3.3352	0.0000	0.0000	1.0000	0.0000
-8.4097	2.5654	0.0000	0.0000	1.0000	0.0000
0.1182	4.0802	1.0000	0.0000	0.0000	0.0000
-8.9081	9.4160	0.0000	0.0000	0.0000	1.0000
-8.6255	0.0633	0.0000	0.0000	1.0000	0.0000
2.1107	-8.8982	0.0000	0.0000	1.0000	0.0000
-3.1904	-2.5145	1.0000	0.0000	0.0000	0.0000
3.1298	-9.6402	0.0000	0.0000	0.0000	1.0000
-3.4135	-8.7059	0.0000	0.0000	0.0000	1.0000
1.4891	2.2823	1.0000	0.0000	0.0000	0.0000
-8.6054	-5.5727	0.0000	0.0000	0.0000	1.0000
9.2061	-4.6865	0.0000	0.0000	0.0000	1.0000
2.5681	6.9233	0.0000	0.0000	1.0000	0.0000
-4.3741	-9.0816	0.0000	0.0000	0.0000	1.0000
5.7631	8.1251	0.0000	0.0000	0.0000	1.0000
6.0510	1.2181	0.0000	1.0000	0.0000	0.0000
8.8997	8.5172	0.0000	0.0000	0.0000	1.0000
7.3063	-9.8982	0.0000	0.0000	0.0000	1.0000
-8.0826	-2.2461	0.0000	0.0000	1.0000	0.0000
3.9775	2.1580	0.0000	1.0000	0.0000	0.0000
-4.1243	-9.8512	0.0000	0.0000	0.0000	1.0000
2.5065	9.2607	0.0000	0.0000	0.0000	1.0000
2.1610	-4.3992	0.0000	1.0000	0.0000	0.0000
-1.0594	-7.5403	0.0000	0.0000	1.0000	0.0000
-0.1017	-5.8455	0.0000	1.0000	0.0000	0.0000
1.9546	-7.1010	0.0000	0.0000	1.0000	0.0000
0.7936	0.3220	1.0000	0.0000	0.0000	0.0000
2.8608	-2.9085	1.0000	0.0000	0.0000	0.0000
-7.0220	5.2885	0.0000	0.0000	1.0000	0.0000
-5.0622	3.5077	0.0000	1.0000	0.0000	0.0000
4.9245	-4.5406	0.0000	1.0000	0.0000	0.0000
5.6735	9.4756	0.0000	0.0000	0.0000	1.0000
-6.8452	-4.4427	0.0000	0.0000	1.0000	0.0000
5.3450	4.7988	0.0000	1.0000	0.0000	0.0000
-6.8600	-2.5355	0.0000	0.0000	1.0000	0.0000
-9.2872	-9.6642	0.0000	0.0000	0.0000	1.0000
8.2547	-7.7132	0.0000	0.0000	0.0000	1.0000
-6.8433	-2.8006	0.0000	0.0000	1.0000	0.0000
-1.5996	9.0674	0.0000	0.0000	1.0000	0.0000
9.0622	0.3662	0.0000	0.0000	1.0000	0.0000
-2.8182	-3.9986	0.0000	1.0000	0.0000	0.0000
-3.9139	-2.0108	0.0000	1.0000	0.0000	0.0000
-0.6223	1.4103	1.0000	0.0000	0.0000	0.0000
3.6941	-6.2063	0.0000	0.0000	1.0000	0.0000
-8.6817	9.6827	0.0000	0.0000	0.0000	1.0000
3.3983	6.5214	0.0000	0.0000	1.0000	0.0000
2.6058	-0.7761	1.0000	0.0000	0.0000	0.0000
-4.9181	9.5414	0.0000	0.0000	0.0000	1.0000
-6.2226	-2.6399	0.0000	1.0000	0.0000	0.0000
-9.2130	-3.2029	0.0000	0.0000	0.0000	1.0000
3.7193	-7.1949	0.0000	0.0000	1.0000	0.0000
0.0870	-0.3863	1.0000	0.0000	0.0000	0.0000
-4.2270	1.1973	0.0000	1.0000	0.0000	0.0000
0.6875	8.6118	0.0000	0.0000	1.0000	0.0000
-6.4935	1.8760	0.0000	1.0000	0.0000	0.0000
6.8412	0.8459	0.0000	1.0000	0.0000	0.0000
-4.8509	-3.3885	0.0000	1.0000	0.0000	0.0000
7.0458	7.5755	0.0000	0.0000	0.0000	1.0000
5.6704	-3.9532	0.0000	1.0000	0.0000	0.0000
-5.0098	5.1904	0.0000	0.0000	1.0000	0.0000
4.5555	-2.5381	0.0000	1.0000	0.0000	0.0000
1.3375	-1.4632	1.0000	0.0000	0.0000	0.0000
-4.9570	9.4668	0.0000	0.0000	0.0000	1.0000
8.5720	6.3101	0.0000	0.0000	0.0000	1.0000
-1.4394	-0.7553	1.0000	0.0000	0.0000	0.0000
5.8627	2.6971	0.0000	1.0000	0.0000	0.0000
-8.7555	-9.8544	0.0000	0.0000	0.0000	1.0000
2.1624	5.0469	0.0000	1.0000	0.0000	0.0000
9.5297	-6.6962	0.0000	0.0000	0.0000	1.0000
7.1061	-4.5141	0.0000	0.0000	1.0000	0.0000
4.2624	-4.0977	0.0000	1.0000	0.0000	0.0000
-3.9574	1.1657	1.0000	0.0000	0.0000	0.0000
3.0591	-4.7045	0.0000	1.0000	0.0000	0.0000
3.1688	5.1654	0.0000	1.0000	0.0000	0.0000
8.0830	7.4488	0.0000	0.0000	0.0000	1.0000
7.6757	-7.4493	0.0000	0.0000	0.0000	1.0000
-3.4177	-5.7512	0.0000	1.0000	0.0000	0.0000
9.9677	-6.0531	0.0000	0.0000	0.0000	1.0000
-4.2176	-0.5031	0.0000	1.0000	0.0000	0.0000
4.1669	-2.1741	0.0000	1.0000	0.0000	0.0000
-2.8451	9.9928	0.0000	0.0000	0.0000	1.0000
3.7804	-3.5284	0.0000	1.0000	0.0000	0.0000
1.2912	-9.0095	0.0000	0.0000	1.0000	0.0000
-0.0953	-3.7094	1.0000	0.0000	0.0000	0.0000
-1.8627	9.5547	0.0000	0.0000	0.0000	1.0000
2.3299	-1.0407	1.0000	0.0000	0.0000	0.0000
6.7955	-2.6784	0.0000	0.0000	1.0000	0.0000
7.3237	-7.9348	0.0000	0.0000	0.0000	1.0000
-4.7807	-8.2525	0.0000	0.0000	0.0000	1.0000
6.1730	7.0756	0.0000	0.0000	0.0000	1.0000
4.8243	3.6286	0.0000	1.0000	0.0000	0.0000
-2.8391	1.6121	1.0000	0.0000	0.0000	0.0000
-9.9800	-7.5369	0.0000	0.0000	0.0000	1.0000
8.6459	-2.4576	0.0000	0.0000	1.0000	0.0000
-7.5812	3.5379	0.0000	0.0000	1.0000	0.0000
-7.1359	-5.9317	0.0000	0.0000	1.0000	0.0000
3.7291	-0.6664	1.0000	0.0000	0.0000	0.0000
8.1065	-2.1811	0.0000	0.0000	1.0000	0.0000
6.6012	-2.5618	0.0000	1.0000	0.0000	0.0000
-3.3466	-3.3005	0.0000	1.0000	0.0000	0.0000
6.3980	-0.0719	0.0000	1.0000	0.0000	0.0000
6.3019	-4.6042	0.0000	0.0000	1.0000	0.0000
-8.5210	-6.7766	0.0000	0.0000	0.0000	1.0000
2.0483	-0.4924	1.0000	0.0000	0.0000	0.0000
3.3452	-8.6443	0.0000	0.0000	1.0000	0.0000
-2.8251	4.7297	0.0000	1.0000	0.0000	0.0000
-8.2010	-9.4702	0.0000	0.0000	0.0000	1.0000
8.0215	-2.3399	0.0000	0.0000	1.0000	0.0000
1.3066	-2.4718	1.0000	0.0000	0.0000	0.0000
8.4229	-5.0308	0.0000	0.0000	0.0000	1.0000
4.2832	4.8746	0.0000	1.0000	0.0000	0.0000
4.4508	2.0388	0.0000	1.0000	0.0000	0.0000
4.3628	-7.8170	0.0000	0.0000	1.0000	0.0000
-5.6312	-4.1424	0.0000	1.0000	0.0000	0.0000
6.0057	-1.6743	0.0000	1.0000	0.0000	0.0000
3.6996	-0.5901	1.0000	0.0000	0.0000	0.0000
-5.1257	-4.6563	0.0000	1.0000	0.0000	0.0000
9.6906	-7.3491	0.0000	0.0000	0.0000	1.0000
-5.5039	-3.0093	0.0000	1.0000	0.0000	0.0000
-7.9129	-2.7365	0.0000	0.0000	1.0000	0.0000
6.6267	6.0594	0.0000	0.0000	1.0000	0.0000
1.3045	2.5416	1.0000	0.0000	0.0000	0.0000
-6.7901	1.6908	0.0000	1.0000	0.0000	0.0000
-5.7075	-4.8688	0.0000	0.0000	1.0000	0.0000
-4.2880	5.2864	0.0000	1.0000	0.0000	0.0000
-7.2086	-9.2312	0.0000	0.0000	0.0000	1.0000
0.5163	0.9417	1.0000	0.0000	0.0000	0.0000
-0.2396	9.3054	0.0000	0.0000	0.0000	1.0000
-4.4083	-0.1430	0.0000	1.0000	0.0000	0.0000
-8.8000	2.3535	0.0000	0.0000	1.0000	0.0000
6.1886	2.4351	0.0000	1.0000	0.0000	0.0000
6.6502	-5.8492	0.0000	0.0000	1.0000	0.0000
-5.1263	-8.0877	0.0000	0.0000	0.0000	1.0000
8.6415	-3.5761	0.0000	0.0000	0.0000	1.0000
-0.4430	0.9710	1.0000	0.0000	0.0000	0.0000
4.2980	9.6576	0.0000	0.0000	0.0000	1.0000
-7.6707	-2.8919	0.0000	0.0000	1.0000	0.0000
-4.8888	-2.4442	0.0000	1.0000	0.0000	0.0000
-9.7577	-6.2575	0.0000	0.0000	0.0000	1.0000
7.9819	3.4110	0.0000	0.0000	1.0000	0.0000
0.3719	-5.7615	0.0000	1.0000	0.0000	0.0000
2.3060	-8.0230	0.0000	0.0000	1.0000	0.0000
-7.1488	4.7259	0.0000	0.0000	1.0000	0.0000
-6.8734	0.6990	0.0000	1.0000	0.0000	0.0000
-1.0891	3.7351	1.0000	0.0000	0.0000	0.0000
-0.9709	-6.0587	0.0000	1.0000	0.0000	0.0000
5.6670	8.3478	0.0000	0.0000	0.0000	1.0000
-9.3943	9.4009	0.0000	0.0000	0.0000	1.0000
-7.6996	-4.5475	0.0000	0.0000	1.0000	0.0000
-7.0499	-3.5553	0.0000	0.0000	1.0000	0.0000
-0.7351	-9.6909	0.0000	0.0000	0.0000	1.0000
2.1521	9.6090	0.0000	0.0000	0.0000	1.0000
-2.8310	2.6557	1.0000	0.0000	0.0000	0.0000
1.9375	-6.4250	0.0000	1.0000	0.0000	0.0000
-0.5931	3.4177	1.0000	0.0000	0.0000	0.0000
8.0037	1.0776	0.0000	0.0000	1.0000	0.0000
-0.1404	4.0781	1.0000	0.0000	0.0000	0.0000
-7.7694	-0.9643	0.0000	0.0000	1.0000	0.0000
1.2960	3.3127	1.0000	0.0000	0.0000	0.0000
-0.1644	0.9564	1.0000	0.0000	0.0000	0.0000
-5.8220	0.9375	0.0000	1.0000	0.0000	0.0000
-7.5940	9.8038	0.0000	0.0000	0.0000	1.0000
-7.0959	9.1131	0.0000	0.0000	0.0000	1.0000
3.1066	6.1883	0.0000	1.0000	0.0000	0.0000
1.6382	2.6418	1.0000	0.0000	0.0000	0.0000
-4.3113	-4.8645	0.0000	1.0000	0.0000	0.0000
7.9234	-5.2369	0.0000	0.0000	0.0000	1.0000
-3.2540	-4.8815	0.0000	1.0000	0.0000	0.0000
6.8277	-3.6200	0.0000	0.0000	1.0000	0.0000
-6.6193	-4.3771	0.0000	0.0000	1.0000	0.0000
4.9190	5.8192	0.0000	0.0000	1.0000	0.0000
-9.2508	6.2868	0.0000	0.0000	0.0000	1.0000
7.6939	7.7749	0.0000	0.0000	0.0000	1.0000
7.2812	3.6583	0.0000	0.0000	1.0000	0.0000
8.3875	2.8043	0.0000	0.0000	1.0000	0.0000
-4.9968	-0.3489	0.0000	1.0000	0.0000	0.0000
2.8998	1.0380	1.0000	0.0000	0.0000	0.0000
2.1488	7.6031	0.0000	0.0000	1.0000	0.0000
8.6609	-5.1620	0.0000	0.0000	0.0000	1.0000
8.7483	-7.7213	0.0000	0.0000	0.0000	1.0000
1.7393	4.4010	0.0000	1.0000	0.0000	0.0000
-7.7206	8.0701	0.0000	0.0000	0.0000	1.0000
1.5335	5.0544	0.0000	1.0000	0.0000	0.0000
-1.1189	4.4054	0.0000	1.0000	0.0000	0.0000
-2.2480	-3.9179	0.0000	1.0000	0.0000	0.0000
-9.5578	-7.7104	0.0000	0.0000	0.0000	1.0000
-5.9177	-0.9043	0.0000	1.0000	0.0000	0.0000
-0.8026	-3.7129	1.0000	0.0000	0.0000	0.0000
-1.3935	3.8611	1.0000	0.0000	0.0000	0.0000
4.2773	-5.3337	0.0000	1.0000	0.0000	0.0000
7.0611	4.5620	0.0000	0.0000	1.0000	0.0000
-2.5061	9.9719	0.0000	0.0000	0.0000	1.0000
7.0292	-3.6275	0.0000	0.0000	1.0000	0.0000
6.6576	-8.1608	0.0000	0.0000	0.0000	1.0000
-9.5189	2.3968	0.0000	0.0000	0.0000	1.0000
-6.5277	6.3179	0.0000	0.0000	1.0000	0.0000
-8.2097	-1.2149	0.0000	0.0000	1.0000	0.0000
-2.3916	7.6190	0.0000	0.0000	1.0000	0.0000
7.2882	2.9277	0.0000	0.0000	1.0000	0.0000
-0.3565	-3.4448	1.0000	0.0000	0.0000	0.0000
5.4990	-1.4187	0.0000	1.0000	0.0000	0.0000
-1.3378	7.1247	0.0000	0.0000	1.0000	0.0000
6.0898	-3.7558	0.0000	1.0000	0.0000	0.0000
7.5629	-2.9826	0.0000	0.0000	1.0000	0.0000
1.8311	2.4766	1.0000	0.0000	0.0000	0.0000
4.4968	4.6937	0.0000	1.0000	0.0000	0.0000
7.9673	-9.6977	0.0000	0.0000	0.0000	1.0000
2.7930	-6.8290	0.0000	0.0000	1.0000	0.0000
-5.7098	1.2391	0.0000	1.0000	0.0000	0.0000
-7.6293	-3.6671	0.0000	0.0000	1.0000	0.0000
7.3652	-7.4340	0.0000	0.0000	0.0000	1.0000
-8.3937	0.5858	0.0000	0.0000	1.0000	0.0000
3.0863	7.4234	0.0000	0.0000	1.0000	0.0000
8.9265	8.3136	0.0000	0.0000	0.0000	1.0000
9.9421	-1.2698	0.0000	0.0000	0.0000	1.0000
6.9258	-6.9535	0.0000	0.0000	0.0000	1.0000
3.9687	1.8293	0.0000	1.0000	0.0000	0.0000
3.3723	-0.7626	1.0000	0.0000	0.0000	0.0000
3.1236	-3.5865	0.0000	1.0000	0.0000	0.0000
3.9260	-7.0345	0.0000	0.0000	1.0000	0.0000
5.4614	-3.7056	0.0000	1.0000	0.0000	0.0000
-6.1924	3.1678	0.0000	1.0000	0.0000	0.0000
3.7795	-5.1002	0.0000	1.0000	0.0000	0.0000
5.0687	3.0982	0.0000	1.0000	0.0000	0.0000
-7.0989	2.5936	0.0000	0.0000	1.0000	0.0000
-0.1166	-6.5721	0.0000	1.0000	0.0000	0.0000
9.1996	1.6090	0.0000	0.0000	0.0000	1.0000
-2.6784	-3.6259	0.0000	1.0000	0.0000	0.0000
-4.8647	1.0979	0.0000	1.0000	0.0000	0.0000
-1.3121	7.1024	0.0000	0.0000	1.0000	0.0000
-4.4082	-4.9902	0.0000	1.0000	0.0000	0.0000
8.0763	6.1335	0.0000	0.0000	0.0000	1.0000
9.3384	-7.6223	0.0000	0.0000	0.0000	1.0000
5.3769	-0.7922	0.0000	1.0000	0.0000	0.0000
-3.6847	1.3323	1.0000	0.0000	0.0000	0.0000
-5.6226	-1.3352	0.0000	1.0000	0.0000	0.0000
-5.1168	9.3154	0.0000	0.0000	0.0000	1.0000
5.6167	-6.1505	0.0000	0.0000	1.0000	0.0000
-5.5705	-0.1440	0.0000	1.0000	0.0000	0.0000
3.4428	-0.0116	1.0000	0.0000	0.0000	0.0000
-0.5998	-6.1889	0.0000	1.0000	0.0000	0.0000
0.2714	3.8044	1.0000	0.0000	0.0000	0.0000
-5.5837	-7.5846	0.0000	0.0000	0.0000	1.0000
1.7685	-9.8619	0.0000	0.0000	0.0000	1.0000
-6.4848	0.3169	0.0000	1.0000	0.0000	0.0000
-4.3982	-2.7302	0.0000	1.0000	0.0000	0.0000
-5.4047	-9.7327	0.0000	0.0000	0.0000	1.0000
-2.4363	-1.8556	1.0000	0.0000	0.0000	0.0000
3.9729	8.1251	0.0000	0.0000	1.0000	0.0000
-9.1926	6.0337	0.0000	0.0000	0.0000	1.0000
-1.7765	9.8459	0.0000	0.0000	0.0000	1.0000
-9.3455	-3.4152	0.0000	0.0000	0.0000	1.0000
-0.2709	-1.5050	1.0000	0.0000	0.0000	0.0000
9.1552	5.6957	0.0000	0.0000	0.0000	1.0000
-9.9117	-6.2624	0.0000	0.0000	0.0000	1.0000
-8.6388	-5.5101	0.0000	0.0000	0.0000	1.0000
8.3488	-6.0458	0.0000	0.0000	0.0000	1.0000
3.2276	7.5935	0.0000	0.0000	1.0000	0.0000
6.1514	-9.2504	0.0000	0.0000	0.0000	1.0000
-0.6984	-4.1863	0.0000	1.0000	0.0000	0.0000
-7.4758	6.9540	0.0000	0.0000	0.0000	1.0000
1.9248	-3.3244	1.0000	0.0000	0.0000	0.0000
4.6062	-9.9805	0.0000	0.0000	0.0000	1.0000
1.7997	3.6817	1.0000	0.0000	0.0000	0.0000
8.8538	2.2663	0.0000	0.0000	1.0000	0.0000
-0.9387	-9.2541	0.0000	0.0000	1.0000	0.0000
4.1540	-0.9397	0.0000	1.0000	0.0000	0.0000
-1.7079	6.6758	0.0000	1.0000	0.0000	0.0000
6.4041	-2.3015	0.0000	1.0000	0.0000	0.0000
8.2023	-7.7310	0.0000	0.0000	0.0000	1.0000
4.3281	9.8563	0.0000	0.0000	0.0000	1.0000
-5.8246	-3.5894	0.0000	1.0000	0.0000	0.0000
6.2416	-8.5303	0.0000	0.0000	0.0000	1.0000
0.6285	7.7028	0.0000	0.0000	1.0000	0.0000
-1.4895	-1.4551	1.0000	0.0000	0.0000	0.0000
9.8103	0.0287	0.0000	0.0000	0.0000	1.0000
0.7183	3.2027	1.0000	0.0000	0.0000	0.0000
0.8979	-9.3442	0.0000	0.0000	0.0000	1.0000
-7.2442	-5.6364	0.0000	0.0000	1.0000	0.0000
4.8574	7.8134	0.0000	0.0000	1.0000	0.0000
8.6879	8.0039	0.0000	0.0000	0.0000	1.0000
-9.2425	3.5183	0.0000	0.0000	0.0000	1.0000
0.6451	-4.2606	0.0000	1.0000	0.0000	0.0000
-6.4208	5.0759	0.0000	0.0000	1.0000	0.0000
5.2372	-5.9359	0.0000	0.0000	1.0000	0.0000
-3.8174	-5.9082	0.0000	1.0000	0.0000	0.0000
-0.4319	1.1747	1.0000	0.0000	0.0000	0.0000
3.6134	8.9166	0.0000	0.0000	0.0000	1.0000
-9.4091	9.4908	0.0000	0.0000	0.0000	1.0000
-8.2816	0.3562	0.0000	0.0000	1.0000	0.0000
-8.0541	5.6413	0.0000	0.0000	0.0000	1.0000
-4.5351	-6.7356	0.0000	0.0000	1.0000	0.0000
-1.0854	-2.8768	1.0000	0.0000	0.0000	0.0000
-4.0941	7.4069	0.0000	0.0000	1.0000	0.0000
7.4415	-1.4823	0.0000	0.0000	1.0000	0.0000
-5.0185	0.0469	0.0000	1.0000	0.0000	0.0000
4.3275	-7.9570	0.0000	0.0000	1.0000	0.0000
6.0816	-1.4337	0.0000	1.0000	0.0000	0.0000
-2.7098	-6.3577	0.0000	1.0000	0.0000	0.0000
1.6841	4.2869	0.0000	1.0000	0.0000	0.0000
3.0859	-3.7183	0.0000	1.0000	0.0000	0.0000
9.6290	1.8523	0.0000	0.0000	0.0000	1.0000
8.9237	7.0658	0.0000	0.0000	0.0000	1.0000
-6.9091	-9.4412	0.0000	0.0000	0.0000	1.0000
8.3652	-4.8939	0.0000	0.0000	0.0000	1.0000
9.7107	7.8207	0.0000	0.0000	0.0000	1.0000
0.7225	-1.0406	1.0000	0.0000	0.0000	0.0000
-1.5299	-5.6502	0.0000	1.0000	0.0000	0.0000
7.2401	-7.5528	0.0000	0.0000	0.0000	1.0000
0.0462	-9.3990	0.0000	0.0000	0.0000	1.0000
-0.7970	-4.1522	0.0000	1.0000	0.0000	0.0000
-2.1701	6.8034	0.0000	1.0000	0.0000	0.0000
-6.1581	2.2303	0.0000	1.0000	0.0000	0.0000
-3.3833	2.8361	0.0000	1.0000	0.0000	0.0000
-7.4713	-7.0357	0.0000	0.0000	0.0000	1.0000
1.7053	-6.1323	0.0000	1.0000	0.0000	0.0000
0.2811	5.3739	0.0000	1.0000	0.0000	0.0000
-6.8939	-4.1405	0.0000	0.0000	1.0000	0.0000
9.0927	0.2860	0.0000	0.0000	1.0000	0.0000
-2.5123	-7.4749	0.0000	0.0000	1.0000	0.0000
-8.0537	4.2100	0.0000	0.0000	1.0000	0.0000
7.9207	9.0155	0.0000	0.0000	0.0000	1.0000
-6.4236	1.4992	0.0000	1.0000	0.0000	0.0000
-1.5380	6.5466	0.0000	1.0000	0.0000	0.0000
8.4977	-1.6818	0.0000	0.0000	1.0000	0.0000
5.0848	4.4229	0.0000	1.0000	0.0000	0.0000
-9.8413	7.5339	0.0000	0.0000	0.0000	1.0000
-2.8212	2.3584	1.0000	0.0000	0.0000	0.0000
6.6571	-4.6419	0.0000	0.0000	1.0000	0.0000
8.7980	9.3211	0.0000	0.0000	0.0000	1.0000
0.2830	8.5541	0.0000	0.0000	1.0000	0.0000
6.0298	-7.0918	0.0000	0.0000	0.0000	1.0000
2.9880	-9.2652	0.0000	0.0000	0.0000	1.0000
-1.2382	-8.9266	0.0000	0.0000	1.0000	0.0000
-4.5620	3.5240	0.0000	1.0000	0.0000	0.0000
-7.1895	2.9686	0.0000	0.0000	1.0000	0.0000
-3.5842	0.8690	1.0000	0.0000	0.0000	0.0000
-7.2791	-2.1354	0.0000	0.0000	1.0000	0.0000
6.5994	3.6494	0.0000	0.0000	1.0000	0.0000
-2.9965	4.6705	0.0000	1.0000	0.0000	0.0000
-9.7181	-1.9744	0.0000	0.0000	0.0000	1.0000
-6.9139	-8.6481	0.0000	0.0000	0.0000	1.0000
-7.2863	-9.2287	0.0000	0.0000	0.0000	1.0000
-1.5539	-2.2328	1.0000	0.0000	0.0000	0.0000
-5.9339	-9.7745	0.0000	0.0000	0.0000	1.0000
-1.3797	7.7110	0.0000	0.0000	1.0000	0.0000
4.5054	5.2826	0.0000	1.0000	0.0000	0.0000
8.8048	-1.9336	0.0000	0.0000	1.0000	0.0000
-3.9180	-8.3649	0.0000	0.0000	1.0000	0.0000
1.1062	3.1737	1.0000	0.0000	0.0000	0.0000
-2.4706	5.7823	0.0000	1.0000	0.0000	0.0000
4.8106	7.7864	0.0000	0.0000	1.0000	0.0000
-2.2966	7.5732	0.0000	0.0000	1.0000	0.0000
9.8244	6.3745	0.0000	0.0000	0.0000	1.0000
-1.0304	-1.9776	1.0000	0.0000	0.0000	0.0000
5.3641	-5.0765	0.0000	0.0000	1.0000	0.0000
4.2918	-9.2548	0.0000	0.0000	0.0000	1.0000
8.0805	6.5812	0.0000	0.0000	0.0000	1.0000
-0.6268	7.5931	0.0000	0.0000	1.0000	0.0000
1.7887	8.3027	0.0000	0.0000	1.0000	0.0000
4.0865	-3.6156	0.0000	1.0000	0.0000	0.0000
2.3888	6.1614	0.0000	1.0000	0.0000	0.0000
3.5351	-7.0014	0.0000	0.0000	1.0000	0.0000
-8.3302	-2.1999	0.0000	0.0000	1.0000	0.0000
8.2130	1.2149	0.0000	0.0000	1.0000	0.0000
6.8416	1.2521	0.0000	1.0000	0.0000	0.0000
1.9232	-4.2313	0.0000	1.0000	0.0000	0.0000
3.1370	-4.3657	0.0000	1.0000	0.0000	0.0000
-9.4201	-1.9311	0.0000	0.0000	0.0000	1.0000
3.9918	-2.5887	0.0000	1.0000	0.0000	0.0000
-6.9478	2.0026	0.0000	0.0000	1.0000	0.0000
7.2297	2.2586	0.0000	0.0000	1.0000	0.0000
-4.3478	0.6186	0.0000	1.0000	0.0000	0.0000
8.7629	-8.0471	0.0000	0.0000	0.0000	1.0000
7.4668	7.2350	0.0000	0.0000	0.0000	1.0000
3.2754	7.9359	0.0000	0.0000	1.0000	0.0000
3.0614	-7.2130	0.0000	0.0000	1.0000	0.0000
-2.5603	-8.3796	0.0000	0.0000	1.0000	0.0000
6.4824	3.2916	0.0000	0.0000	1.0000	0.0000
7.5574	2.9161	0.0000	0.0000	1.0000	0.0000
0.1669	-5.1236	0.0000	1.0000	0.0000	0.0000
9.8777	-4.0252	0.0000	0.0000	0.0000	1.0000
4.4609	-0.1867	0.0000	1.0000	0.0000	0.0000
-8.0943	7.0433	0.0000	0.0000	0.0000	1.0000
-0.9022	-7.0367	0.0000	1.0000	0.0000	0.0000
2.5634	-9.6384	0.0000	0.0000	0.0000	1.0000
0.2777	7.5221	0.0000	0.0000	1.0000	0.0000
-4.9563	-4.9454	0.0000	1.0000	0.0000	0.0000
4.0898	-5.2116	0.0000	1.0000	0.0000	0.0000
6.9499	-1.6933	0.0000	1.0000	0.0000	0.0000
0.5944	4.1480	0.0000	1.0000	0.0000	0.0000
-2.1277	1.0240	1.0000	0.0000	0.0000	0.0000
-2.3431	0.1577	1.0000	0.0000	0.0000	0.0000
8.6611	-3.1796	0.0000	0.0000	1.0000	0.0000
9.7589	0.9210	0.0000	0.0000	0.0000	1.0000
3.4899	0.6441	1.0000	0.0000	0.0000	0.0000
-6.0568	-3.6903	0.0000	1.0000	0.0000	0.0000
-4.2606	-9.0545	0.0000	0.0000	0.0000	1.0000
-2.6860	6.7334	0.0000	0.0000	1.0000	0.0000
6.0542	-2.2721	0.0000	1.0000	0.0000	0.0000
-6.7827	-6.9739	0.0000	0.0000	0.0000	1.0000
-8.7108	-4.7121	0.0000	0.0000	0.0000	1.0000
8.4806	-5.9493	0.0000	0.0000	0.0000	1.0000
3.7504	0.8241	1.0000	0.0000	0.0000	0.0000
4.0843	-2.2809	0.0000	1.0000	0.0000	0.0000
3.3554	-5.6844	0.0000	1.0000	0.0000	0.0000
5.4234	-8.4892	0.0000	0.0000	0.0000	1.0000
-7.3908	-8.0606	0.0000	0.0000	0.0000	1.0000
-4.7161	-1.6056	0.0000	1.0000	0.0000	0.0000
3.5205	6.9722	0.0000	0.0000	1.0000	0.0000
2.2561	-5.1281	0.0000	1.0000	0.0000	0.0000
0.0846	-6.8469	0.0000	1.0000	0.0000	0.0000
-4.5331	-6.0791	0.0000	0.0000	1.0000	0.0000
6.5585	9.7784	0.0000	0.0000	0.0000	1.0000
3.6054	-7.5857	0.0000	0.0000	1.0000	0.0000
-2.8248	-7.0201	0.0000	0.0000	1.0000	0.0000
-4.9757	4.8060	0.0000	1.0000	0.0000	0.0000
-1.3573	5.0023	0.0000	1.0000	0.0000	0.0000
5.9129	4.7319	0.0000	0.0000	1.0000	0.0000
9.5015	-3.7798	0.0000	0.0000	0.0000	1.0000
7.5089	8.3883	0.0000	0.0000	0.0000	1.0000
-7.4910	-2.3507	0.0000	0.0000	1.0000	0.0000
-7.5355	8.7501	0.0000	0.0000	0.0000	1.0000
2.7411	3.4814	0.0000	1.0000	0.0000	0.0000
0.4987	7.6891	0.0000	0.0000	1.0000	0.0000
-9.1559	-8.1920	0.0000	0.0000	0.0000	1.0000
-6.6424	-4.3814	0.0000	0.0000	1.0000	0.0000
-9.7767	5.8265	0.0000	0.0000	0.0000	1.0000
-1.3444	-8.7930	0.0000	0.0000	1.0000	0.0000
-3.5773	-7.8832	0.0000	0.0000	1.0000	0.0000
-2.1244	6.0304	0.0000	1.0000	0.0000	0.0000
-7.0256	-7.4313	0.0000	0.0000	0.0000	1.0000
-0.3444	-1.7111	1.0000	0.0000	0.0000	0.0000
-4.5366	-7.2037	0.0000	0.0000	1.0000	0.0000
-6.9680	-0.7444	0.0000	1.0000	0.0000	0.0000
-4.9592	-5.5241	0.0000	0.0000	1.0000	0.0000
0.5467	-0.9093	1.0000	0.0000	0.0000	0.0000
