1.8082	-5.9381	0.0000	1.0000	0.0000	0.0000
6.0171	-1.9044	0.0000	1.0000	0.0000	0.0000
9.3330	5.4861	0.0000	0.0000	0.0000	1.0000
7.5016	-2.4453	0.0000	0.0000	1.0000	0.0000
-4.4123	5.5006	0.0000	1.0000	0.0000	0.0000
8.0719	-7.4753	0.0000	0.0000	0.0000	1.0000
1.8856	-0.5834	1.0000	0.0000	0.0000	0.0000
-3.7538	8.3272	0.0000	0.0000	1.0000	0.0000
-5.7855	-1.0450	0.0000	1.0000	0.0000	0.0000
1.2036	9.1800	0.0000	0.0000	1.0000	0.0000
-6.5061	-1.9461	0.0000	1.0000	0.0000	0.0000
-7.1291	3.5626	0.0000	0.0000	1.0000	0.0000
0.0396	-5.1770	0.0000	1.0000	0.0000	0.0000
5.8384	-2.6251	0.0000	1.0000	0.0000	0.0000
-4.0493	8.4103	0.0000	0.0000	1.0000	0.0000
3.1446	-9.0442	0.0000	0.0000	1.0000	0.0000
-1.3921	-7.1966	0.0000	1.0000	0.0000	0.0000
4.2629	2.0924	0.0000	1.0000	0.0000	0.0000
-0.2017	-7.8834	0.0000	0.0000	1.0000	0.0000
-6.3218	-3.2738	0.0000	1.0000	0.0000	0.0000
5.2387	-7.2037	0.0000	0.0000	1.0000	0.0000
7.6808	1.3800	0.0000	0.0000	1.0000	0.0000
-7.1401	-0.3503	0.0000	1.0000	0.0000	0.0000
-5.3407	-0.3750	0.0000	1.0000	0.0000	0.0000
7.8124	5.6488	0.0000	0.0000	0.0000	1.0000
-7.4613	4.9707	0.0000	0.0000	1.0000	0.0000
6.5070	-0.9625	0.0000	1.0000	0.0000	0.0000
4.5822	-2.5210	0.0000	1.0000	0.0000	0.0000
6.1242	-9.7386	0.0000	0.0000	0.0000	1.0000
6.5453	-6.7444	0.0000	0.0000	1.0000	0.0000
-9.6172	8.2165	0.0000	0.0000	0.0000	1.0000
-0.9792	-0.3109	1.0000	0.0000	0.0000	0.0000
-2.5538	-7.2958	0.0000	0.0000	1.0000	0.0000
8.7471	-6.8210	0.0000	0.0000	0.0000	1.0000
-4.9252	8.3636	0.0000	0.0000	0.0000	1.0000
-7.5157	8.3495	0.0000	0.0000	0.0000	1.0000
-3.4042	7.4390	0.0000	0.0000	1.0000	0.0000
7.5499	6.3639	0.0000	0.0000	0.0000	1.0000
1.6272	1.7986	1.0000	0.0000	0.0000	0.0000
2.5508	3.2509	1.0000	0.0000	0.0000	0.0000
-2.0869	5.9600	0.0000	1.0000	0.0000	0.0000
6.2174	7.7189	0.0000	0.0000	0.0000	1.0000
4.8883	-4.1601	0.0000	1.0000	0.0000	0.0000
3.0523	5.8724	0.0000	1.0000	0.0000	0.0000
5.3703	9.2643	0.0000	0.0000	0.0000	1.0000
6.3576	0.5921	0.0000	1.0000	0.0000	0.0000
-6.4817	-4.1492	0.0000	0.0000	1.0000	0.0000
-6.8974	1.5983	0.0000	1.0000	0.0000	0.0000
1.8819	6.8157	0.0000	1.0000	0.0000	0.0000
-4.9067	7.3195	0.0000	0.0000	1.0000	0.0000
4.7608	3.2981	0.0000	1.0000	0.0000	0.0000
0.4362	5.6902	0.0000	1.0000	0.0000	0.0000
-6.8571	3.0843	0.0000	0.0000	1.0000	0.0000
-5.9377	-2.1347	0.0000	1.0000	0.0000	0.0000
3.5347	4.1336	0.0000	1.0000	0.0000	0.0000
4.1977	9.8287	0.0000	0.0000	0.0000	1.0000
-5.1660	-7.3341	0.0000	0.0000	1.0000	0.0000
-1.2456	4.1018	0.0000	1.0000	0.0000	0.0000
4.8894	-8.7758	0.0000	0.0000	0.0000	1.0000
4.1497	0.3202	1.0000	0.0000	0.0000	0.0000
9.3982	1.3527	0.0000	0.0000	1.0000	0.0000
0.0082	0.0240	1.0000	0.0000	0.0000	0.0000
4.3620	-8.8265	0.0000	0.0000	0.0000	1.0000
4.3342	1.4634	0.0000	1.0000	0.0000	0.0000
-7.3401	-4.8215	0.0000	0.0000	1.0000	0.0000
-0.2506	3.7432	1.0000	0.0000	0.0000	0.0000
9.9261	3.6637	0.0000	0.0000	0.0000	1.0000
1.2492	-4.7075	0.0000	1.0000	0.0000	0.0000
8.9382	2.6386	0.0000	0.0000	1.0000	0.0000
8.7989	4.2341	0.0000	0.0000	0.0000	1.0000
-7.7411	-5.0640	0.0000	0.0000	1.0000	0.0000
3.4257	-9.3706	0.0000	0.0000	0.0000	1.0000
-8.0857	-3.2045	0.0000	0.0000	1.0000	0.0000
0.0159	-9.9020	0.0000	0.0000	0.0000	1.0000
-8.8719	7.6293	0.0000	0.0000	0.0000	1.0000
-4.4431	-5.9807	0.0000	0.0000	1.0000	0.0000
-8.8982	-9.1885	0.0000	0.0000	0.0000	1.0000
-4.3156	-6.7906	0.0000	0.0000	1.0000	0.0000
-2.5690	-5.7686	0.0000	1.0000	0.0000	0.0000
6.3472	-4.0709	0.0000	0.0000	1.0000	0.0000
-8.3231	-6.7404	0.0000	0.0000	0.0000	1.0000
7.8545	-2.2637	0.0000	0.0000	1.0000	0.0000
4.9466	6.4375	0.0000	0.0000	1.0000	0.0000
0.0626	1.7064	1.0000	0.0000	0.0000	0.0000
-7.1202	-6.0939	0.0000	0.0000	1.0000	0.0000
4.1859	0.9618	0.0000	1.0000	0.0000	0.0000
0.4717	1.9532	1.0000	0.0000	0.0000	0.0000
5.1637	3.2382	0.0000	1.0000	0.0000	0.0000
4.6410	6.0629	0.0000	0.0000	1.0000	0.0000
3.2988	-9.4481	0.0000	0.0000	0.0000	1.0000
4.3024	3.9339	0.0000	1.0000	0.0000	0.0000
-5.0612	-2.3587	0.0000	1.0000	0.0000	0.0000
-2.5852	-8.7643	0.0000	0.0000	1.0000	0.0000
3.0881	7.0488	0.0000	0.0000	1.0000	0.0000
-6.6062	1.7116	0.0000	1.0000	0.0000	0.0000
0.8940	6.9620	0.0000	1.0000	0.0000	0.0000
-6.2567	3.1988	0.0000	1.0000	0.0000	0.0000
5.9349	-3.2798	0.0000	1.0000	0.0000	0.0000
-6.4632	-2.4721	0.0000	1.0000	0.0000	0.0000
-0.3039	-5.8004	0.0000	1.0000	0.0000	0.0000
-1.7758	-2.2199	1.0000	0.0000	0.0000	0.0000
5.5921	-9.5239	0.0000	0.0000	0.0000	1.0000
-9.9855	-0.4619	0.0000	0.0000	0.0000	1.0000
-7.1038	-3.1167	0.0000	0.0000	1.0000	0.0000
4.5015	-8.5148	0.0000	0.0000	0.0000	1.0000
-1.3871	6.4537	0.0000	1.0000	0.0000	0.0000
7.8639	-1.9178	0.0000	0.0000	1.0000	0.0000
-7.6263	-3.4315	0.0000	0.0000	1.0000	0.0000
-6.7889	-9.2643	0.0000	0.0000	0.0000	1.0000
6.0268	-9.1937	0.0000	0.0000	0.0000	1.0000
2.7319	6.3777	0.0000	1.0000	0.0000	0.0000
7.3302	-3.1748	0.0000	0.0000	1.0000	0.0000
-1.4966	4.3154	0.0000	1.0000	0.0000	0.0000
6.0918	-9.0234	0.0000	0.0000	0.0000	1.0000
-7.3103	-8.1536	0.0000	0.0000	0.0000	1.0000
4.2801	0.6957	0.0000	1.0000	0.0000	0.0000
9.8197	7.7124	0.0000	0.0000	0.0000	1.0000
8.2834	3.3119	0.0000	0.0000	1.0000	0.0000
4.0513	2.7206	0.0000	1.0000	0.0000	0.0000
4.1020	3.0720	0.0000	1.0000	0.0000	0.0000
-1.1318	-9.9817	0.0000	0.0000	0.0000	1.0000
-2.2087	9.8795	0.0000	0.0000	0.0000	1.0000
4.7842	-8.4627	0.0000	0.0000	0.0000	1.0000
1.9765	2.1081	1.0000	0.0000	0.0000	0.0000
9.0354	7.7975	0.0000	0.0000	0.0000	1.0000
9.3786	1.6459	0.0000	0.0000	1.0000	0.0000
2.9884	3.6179	0.0000	1.0000	0.0000	0.0000
5.9885	-2.1882	0.0000	1.0000	0.0000	0.0000
9.0810	8.6044	0.0000	0.0000	0.0000	1.0000
5.5986	-2.9873	0.0000	1.0000	0.0000	0.0000
8.3135	9.7543	0.0000	0.0000	0.0000	1.0000
6.8034	-1.0093	0.0000	1.0000	0.0000	0.0000
-7.3248	-9.7500	0.0000	0.0000	0.0000	1.0000
5.8589	-8.3023	0.0000	0.0000	0.0000	1.0000
6.1827	2.2917	0.0000	1.0000	0.0000	0.0000
-6.7057	-4.5467	0.0000	0.0000	1.0000	0.0000
-4.2045	6.5301	0.0000	0.0000	1.0000	0.0000
0.7648	-6.8543	0.0000	1.0000	0.0000	0.0000
3.0775	-8.6386	0.0000	0.0000	1.0000	0.0000
-4.7537	-9.9630	0.0000	0.0000	0.0000	1.0000
0.8830	9.9509	0.0000	0.0000	0.0000	1.0000
1.3647	-7.4656	0.0000	0.0000	1.0000	0.0000
-5.2130	-3.1378	0.0000	1.0000	0.0000	0.0000
7.1972	-3.2238	0.0000	0.0000	1.0000	0.0000
3.1484	3.1968	0.0000	1.0000	0.0000	0.0000
-3.3587	7.7271	0.0000	0.0000	1.0000	0.0000
-4.1226	-6.0888	0.0000	1.0000	0.0000	0.0000
6.5725	-9.4811	0.0000	0.0000	0.0000	1.0000
-7.0277	6.0319	0.0000	0.0000	1.0000	0.0000
-0.1222	4.3557	0.0000	1.0000	0.0000	0.0000
2.0454	4.5176	0.0000	1.0000	0.0000	0.0000
-6.4315	5.7734	0.0000	0.0000	1.0000	0.0000
0.6782	-0.9620	1.0000	0.0000	0.0000	0.0000
-8.0801	7.3394	0.0000	0.0000	0.0000	1.0000
8.0219	9.8726	0.0000	0.0000	0.0000	1.0000
-7.3485	1.7971	0.0000	0.0000	1.0000	0.0000
-0.2015	4.7576	0.0000	1.0000	0.0000	0.0000
9.2866	6.8361	0.0000	0.0000	0.0000	1.0000
6.6904	-6.5822	0.0000	0.0000	1.0000	0.0000
-6.1160	3.6179	0.0000	1.0000	0.0000	0.0000
8.3666	5.3034	0.0000	0.0000	0.0000	1.0000
-8.6718	-9.6195	0.0000	0.0000	0.0000	1.0000
-5.2665	8.7623	0.0000	0.0000	0.0000	1.0000
-5.3889	-2.4177	0.0000	1.0000	0.0000	0.0000
6.5843	3.3799	0.0000	1.0000	0.0000	0.0000
-8.0348	3.8233	0.0000	0.0000	1.0000	0.0000
-6.3520	0.5490	0.0000	1.0000	0.0000	0.0000
5.7701	0.5676	0.0000	1.0000	0.0000	0.0000
-1.8971	-0.8219	1.0000	0.0000	0.0000	0.0000
5.7560	8.8964	0.0000	0.0000	0.0000	1.0000
6.1615	-1.7735	0.0000	1.0000	0.0000	0.0000
-9.1964	-1.6925	0.0000	0.0000	1.0000	0.0000
-3.6769	3.6170	0.0000	1.0000	0.0000	0.0000
3.7280	8.9957	0.0000	0.0000	0.0000	1.0000
5.4743	-9.6304	0.0000	0.0000	0.0000	1.0000
-2.8194	-5.7304	0.0000	1.0000	0.0000	0.0000
-4.9950	5.6242	0.0000	0.0000	1.0000	0.0000
0.6932	6.3021	0.0000	1.0000	0.0000	0.0000
8.0442	-4.7577	0.0000	0.0000	1.0000	0.0000
2.7617	5.8370	0.0000	1.0000	0.0000	0.0000
-5.8805	0.4014	0.0000	1.0000	0.0000	0.0000
-6.1898	-5.3895	0.0000	0.0000	1.0000	0.0000
-9.8104	-5.2052	0.0000	0.0000	0.0000	1.0000
5.3161	0.2716	0.0000	1.0000	0.0000	0.0000
8.3411	6.3578	0.0000	0.0000	0.0000	1.0000
0.2121	1.4734	1.0000	0.0000	0.0000	0.0000
-2.1329	-6.5841	0.0000	1.0000	0.0000	0.0000
2.5288	-3.8641	0.0000	1.0000	0.0000	0.0000
6.0798	9.1105	0.0000	0.0000	0.0000	1.0000
-0.7509	0.5230	1.0000	0.0000	0.0000	0.0000
-9.4409	7.6387	0.0000	0.0000	0.0000	1.0000
6.5871	-0.3935	0.0000	1.0000	0.0000	0.0000
-9.9358	-7.7225	0.0000	0.0000	0.0000	1.0000
9.5706	-4.0905	0.0000	0.0000	0.0000	1.0000
-4.4789	1.1428	0.0000	1.0000	0.0000	0.0000
1.0744	-3.2909	1.0000	0.0000	0.0000	0.0000
-3.8311	-7.3158	0.0000	0.0000	1.0000	0.0000
4.3204	-8.1976	0.0000	0.0000	1.0000	0.0000
-2.3269	1.8809	1.0000	0.0000	0.0000	0.0000
-0.6617	3.9393	1.0000	0.0000	0.0000	0.0000
0.1769	4.9579	0.0000	1.0000	0.0000	0.0000
0.2623	-1.0268	1.0000	0.0000	0.0000	0.0000
9.1201	5.2038	0.0000	0.0000	0.0000	1.0000
7.4012	1.6329	0.0000	0.0000	1.0000	0.0000
-0.4112	-2.0924	1.0000	0.0000	0.0000	0.0000
-1.3625	3.7091	1.0000	0.0000	0.0000	0.0000
-6.0413	8.0538	0.0000	0.0000	0.0000	1.0000
0.6496	5.7537	0.0000	1.0000	0.0000	0.0000
7.2167	6.8529	0.0000	0.0000	0.0000	1.0000
-0.8807	-9.4079	0.0000	0.0000	1.0000	0.0000
0.3814	-5.1135	0.0000	1.0000	0.0000	0.0000
-8.0859	8.6546	0.0000	0.0000	0.0000	1.0000
9.4427	2.4162	0.0000	0.0000	0.0000	1.0000
4.3603	1.8075	0.0000	1.0000	0.0000	0.0000
-7.5383	-1.5607	0.0000	0.0000	1.0000	0.0000
-6.6235	7.7653	0.0000	0.0000	0.0000	1.0000
-6.6191	-6.8406	0.0000	0.0000	1.0000	0.0000
-1.0983	-4.5565	0.0000	1.0000	0.0000	0.0000
-5.8754	7.2976	0.0000	0.0000	1.0000	0.0000
2.6954	-1.0939	1.0000	0.0000	0.0000	0.0000
2.9627	7.6380	0.0000	0.0000	1.0000	0.0000
-2.1885	5.5925	0.0000	1.0000	0.0000	0.0000
0.3103	3.6269	1.0000	0.0000	0.0000	0.0000
-3.3417	7.8259	0.0000	0.0000	1.0000	0.0000
8.6938	5.1619	0.0000	0.0000	0.0000	1.0000
1.8292	-9.9176	0.0000	0.0000	0.0000	1.0000
-1.2016	-8.0481	0.0000	0.0000	1.0000	0.0000
-6.6089	-4.3659	0.0000	0.0000	1.0000	0.0000
7.9597	-7.0332	0.0000	0.0000	0.0000	1.0000
-1.1670	8.7095	0.0000	0.0000	1.0000	0.0000
1.8320	6.2056	0.0000	1.0000	0.0000	0.0000
6.9853	1.2410	0.0000	1.0000	0.0000	0.0000
9.3169	0.2718	0.0000	0.0000	1.0000	0.0000
5.4968	-2.4432	0.0000	1.0000	0.0000	0.0000
4.2636	-7.8451	0.0000	0.0000	1.0000	0.0000
-2.1246	2.4378	1.0000	0.0000	0.0000	0.0000
-5.8810	8.1072	0.0000	0.0000	0.0000	1.0000
-8.0136	-7.6772	0.0000	0.0000	0.0000	1.0000
7.3628	1.1201	0.0000	0.0000	1.0000	0.0000
1.3185	-2.2779	1.0000	0.0000	0.0000	0.0000
-8.3675	3.7009	0.0000	0.0000	1.0000	0.0000
4.7323	-3.6654	0.0000	1.0000	0.0000	0.0000
-7.5449	-7.1160	0.0000	0.0000	0.0000	1.0000
-1.7079	7.4064	0.0000	0.0000	1.0000	0.0000
-1.0580	7.3785	0.0000	0.0000	1.0000	0.0000
-7.7323	-8.5886	0.0000	0.0000	0.0000	1.0000
2.3254	4.6086	0.0000	1.0000	0.0000	0.0000
-0.5901	-9.5449	0.0000	0.0000	1.0000	0.0000
9.4620	8.0540	0.0000	0.0000	0.0000	1.0000
5.3657	3.9449	0.0000	1.0000	0.0000	0.0000
1.5758	-4.6640	0.0000	1.0000	0.0000	0.0000
-5.3180	-3.5033	0.0000	1.0000	0.0000	0.0000
6.2176	-2.7957	0.0000	1.0000	0.0000	0.0000
-2.3446	8.1454	0.0000	0.0000	1.0000	0.0000
6.7732	1.5235	0.0000	1.0000	0.0000	0.0000
-8.4816	6.7456	0.0000	0.0000	0.0000	1.0000
0.6427	-5.3660	0.0000	1.0000	0.0000	0.0000
-6.3847	-1.3518	0.0000	1.0000	0.0000	0.0000
4.6028	-5.2709	0.0000	1.0000	0.0000	0.0000
1.7340	-1.5835	1.0000	0.0000	0.0000	0.0000
-1.3273	-0.3942	1.0000	0.0000	0.0000	0.0000
-2.3599	4.9704	0.0000	1.0000	0.0000	0.0000
-5.0907	1.0524	0.0000	1.0000	0.0000	0.0000
-7.9901	1.6558	0.0000	0.0000	1.0000	0.0000
-3.2910	-3.8733	0.0000	1.0000	0.0000	0.0000
-0.7461	1.6388	1.0000	0.0000	0.0000	0.0000
9.7778	-7.2659	0.0000	0.0000	0.0000	1.0000
9.3096	7.9329	0.0000	0.0000	0.0000	1.0000
-9.1800	3.1830	0.0000	0.0000	0.0000	1.0000
-7.3243	3.1490	0.0000	0.0000	1.0000	0.0000
-6.4176	-6.9051	0.0000	0.0000	1.0000	0.0000
-3.9511	-9.5238	0.0000	0.0000	0.0000	1.0000
-6.6645	1.7713	0.0000	1.0000	0.0000	0.0000
4.8853	0.2022	0.0000	1.0000	0.0000	0.0000
-5.4042	0.3287	0.0000	1.0000	0.0000	0.0000
8.1431	9.6604	0.0000	0.0000	0.0000	1.0000
4.3178	-2.8781	0.0000	1.0000	0.0000	0.0000
-1.8653	6.1551	0.0000	1.0000	0.0000	0.0000
3.9637	-6.9675	0.0000	0.0000	1.0000	0.0000
-0.4573	-9.4794	0.0000	0.0000	1.0000	0.0000
3.3661	1.4334	1.0000	0.0000	0.0000	0.0000
-1.6234	8.1768	0.0000	0.0000	1.0000	0.0000
-6.0101	5.2537	0.0000	0.0000	1.0000	0.0000
-6.3755	5.7999	0.0000	0.0000	1.0000	0.0000
0.0775	9.6749	0.0000	0.0000	0.0000	1.0000
1.6036	-3.7422	1.0000	0.0000	0.0000	0.0000
-1.7206	-4.1830	0.0000	1.0000	0.0000	0.0000
0.3377	8.1958	0.0000	0.0000	1.0000	0.0000
-5.5136	5.0154	0.0000	0.0000	1.0000	0.0000
-2.1770	5.9832	0.0000	1.0000	0.0000	0.0000
-9.9689	-4.1330	0.0000	0.0000	0.0000	1.0000
-7.0215	1.8820	0.0000	1.0000	0.0000	0.0000
-3.4625	-9.6747	0.0000	0.0000	0.0000	1.0000
5.5861	1.4236	0.0000	1.0000	0.0000	0.0000
-1.4117	1.8735	1.0000	0.0000	0.0000	0.0000
-0.7408	-5.3516	0.0000	1.0000	0.0000	0.0000
0.6726	8.9207	0.0000	0.0000	1.0000	0.0000
-5.3596	5.2322	0.0000	0.0000	1.0000	0.0000
7.3869	-8.6180	0.0000	0.0000	0.0000	1.0000
-3.3962	-0.2976	1.0000	0.0000	0.0000	0.0000
-6.5929	-6.1568	0.0000	0.0000	1.0000	0.0000
8.4280	-5.0232	0.0000	0.0000	0.0000	1.0000
6.5387	8.3776	0.0000	0.0000	0.0000	1.0000
-9.9460	-3.8987	0.0000	0.0000	0.0000	1.0000
-9.3993	-7.0998	0.0000	0.0000	0.0000	1.0000
-3.0278	9.3249	0.0000	0.0000	0.0000	1.0000
-7.5137	-4.3855	0.0000	0.0000	1.0000	0.0000
-1.8537	6.2894	0.0000	1.0000	0.0000	0.0000
-3.6281	1.3578	1.0000	0.0000	0.0000	0.0000
6.4815	7.2990	0.0000	0.0000	0.0000	1.0000
-1.1207	-4.4356	0.0000	1.0000	0.0000	0.0000
-6.9433	-3.7769	0.0000	0.0000	1.0000	0.0000
-8.6233	3.6126	0.0000	0.0000	1.0000	0.0000
1.6378	0.3592	1.0000	0.0000	0.0000	0.0000
-6.1229	-6.2522	0.0000	0.0000	1.0000	0.0000
3.4929	3.5939	0.0000	1.0000	0.0000	0.0000
-0.9614	0.2903	1.0000	0.0000	0.0000	0.0000
1.7171	8.2104	0.0000	0.0000	1.0000	0.0000
-5.5183	-6.4425	0.0000	0.0000	1.0000	0.0000
0.1263	-2.0058	1.0000	0.0000	0.0000	0.0000
-5.2870	-9.8976	0.0000	0.0000	0.0000	1.0000
9.7836	-0.2699	0.0000	0.0000	0.0000	1.0000
-1.5438	0.6540	1.0000	0.0000	0.0000	0.0000
-9.1712	8.3567	0.0000	0.0000	0.0000	1.0000
5.7213	-5.4868	0.0000	0.0000	1.0000	0.0000
-7.6165	-5.2477	0.0000	0.0000	1.0000	0.0000
-2.1929	-4.0411	0.0000	1.0000	0.0000	0.0000
7.0864	5.2641	0.0000	0.0000	1.0000	0.0000
-0.0430	-9.1404	0.0000	0.0000	1.0000	0.0000
7.6892	-5.1274	0.0000	0.0000	1.0000	0.0000
-9.0243	-2.9109	0.0000	0.0000	1.0000	0.0000
4.6549	-0.2056	0.0000	1.0000	0.0000	0.0000
2.3316	4.0101	0.0000	1.0000	0.0000	0.0000
4.5045	4.2853	0.0000	1.0000	0.0000	0.0000
-4.7103	5.7908	0.0000	0.0000	1.0000	0.0000
-2.2428	-2.7658	1.0000	0.0000	0.0000	0.0000
-5.5518	9.9588	0.0000	0.0000	0.0000	1.0000
-4.0811	-5.3858	0.0000	1.0000	0.0000	0.0000
-1.3394	8.3811	0.0000	0.0000	1.0000	0.0000
-2.6802	7.7111	0.0000	0.0000	1.0000	0.0000
-2.3199	3.7586	0.0000	1.0000	0.0000	0.0000
-2.2000	7.6105	0.0000	0.0000	1.0000	0.0000
6.3906	0.1854	0.0000	1.0000	0.0000	0.0000
0.3477	-6.4522	0.0000	1.0000	0.0000	0.0000
-2.2236	9.7805	0.0000	0.0000	0.0000	1.0000
9.6438	-1.7698	0.0000	0.0000	0.0000	1.0000
-7.9896	3.7023	0.0000	0.0000	1.0000	0.0000
8.7532	1.5328	0.0000	0.0000	1.0000	0.0000
6.4986	-3.8943	0.0000	0.0000	1.0000	0.0000
-1.2841	-0.8736	1.0000	0.0000	0.0000	0.0000
-1.6812	-0.9151	1.0000	0.0000	0.0000	0.0000
-4.1296	-2.9860	0.0000	1.0000	0.0000	0.0000
7.6588	9.9510	0.0000	0.0000	0.0000	1.0000
8.7062	-4.1272	0.0000	0.0000	0.0000	1.0000
-5.7608	6.2349	0.0000	0.0000	1.0000	0.0000
1.5201	0.3863	1.0000	0.0000	0.0000	0.0000
-4.1106	7.9750	0.0000	0.0000	1.0000	0.0000
-0.0452	5.8300	0.0000	1.0000	0.0000	0.0000
7.3428	-5.2862	0.0000	0.0000	1.0000	0.0000
-9.1162	-8.1031	0.0000	0.0000	0.0000	1.0000
-9.0826	2.2902	0.0000	0.0000	1.0000	0.0000
5.2530	4.4352	0.0000	1.0000	0.0000	0.0000
2.5602	-1.0717	1.0000	0.0000	0.0000	0.0000
-4.4751	-6.2985	0.0000	0.0000	1.0000	0.0000
7.2403	-3.6504	0.0000	0.0000	1.0000	0.0000
-4.2660	0.2433	1.0000	0.0000	0.0000	0.0000
4.8285	8.4040	0.0000	0.0000	0.0000	1.0000
0.2859	-9.1918	0.0000	0.0000	1.0000	0.0000
3.6358	-6.3821	0.0000	1.0000	0.0000	0.0000
1.6937	1.0464	1.0000	0.0000	0.0000	0.0000
2.3143	6.5087	0.0000	1.0000	0.0000	0.0000
-9.0728	-8.1095	0.0000	0.0000	0.0000	1.0000
2.4627	-8.7225	0.0000	0.0000	1.0000	0.0000
-6.7793	-4.9466	0.0000	0.0000	1.0000	0.0000
-9.2722	-7.8702	0.0000	0.0000	0.0000	1.0000
-2.9995	-5.4097	0.0000	1.0000	0.0000	0.0000
2.6120	-3.2041	1.0000	0.0000	0.0000	0.0000
4.9597	-4.0352	0.0000	1.0000	0.0000	0.0000
0.5610	-5.3396	0.0000	1.0000	0.0000	0.0000
0.7247	-7.9334	0.0000	0.0000	1.0000	0.0000
-0.7486	-2.6053	1.0000	0.0000	0.0000	0.0000
-6.6487	-2.5305	0.0000	1.0000	0.0000	0.0000
7.2561	3.8194	0.0000	0.0000	1.0000	0.0000
-1.1952	7.1831	0.0000	1.0000	0.0000	0.0000
4.5515	7.4738	0.0000	0.0000	1.0000	0.0000
2.6034	-6.6930	0.0000	1.0000	0.0000	0.0000
2.2279	-2.4041	1.0000	0.0000	0.0000	0.0000
4.9571	9.4789	0.0000	0.0000	0.0000	1.0000
-5.4754	4.3202	0.0000	1.0000	0.0000	0.0000
-0.4109	-1.0990	1.0000	0.0000	0.0000	0.0000
5.2187	1.8191	0.0000	1.0000	0.0000	0.0000
5.7134	-2.0727	0.0000	1.0000	0.0000	0.0000
9.7355	7.1861	0.0000	0.0000	0.0000	1.0000
1.1048	-6.5389	0.0000	1.0000	0.0000	0.0000
-8.1135	0.7222	0.0000	0.0000	1.0000	0.0000
-8.5457	9.4712	0.0000	0.0000	0.0000	1.0000
4.2133	1.3904	0.0000	1.0000	0.0000	0.0000
0.4229	-2.2673	1.0000	0.0000	0.0000	0.0000
-9.0629	-8.7356	0.0000	0.0000	0.0000	1.0000
-8.1909	-1.8770	0.0000	0.0000	1.0000	0.0000
-1.6032	3.4538	1.0000	0.0000	0.0000	0.0000
-2.6327	3.5327	0.0000	1.0000	0.0000	0.0000
-8.7635	8.7773	0.0000	0.0000	0.0000	1.0000
-2.1298	3.6306	1.0000	0.0000	0.0000	0.0000
4.9077	9.5200	0.0000	0.0000	0.0000	1.0000
-0.4428	-3.1142	1.0000	0.0000	0.0000	0.0000
-7.0954	7.1367	0.0000	0.0000	0.0000	1.0000
-3.0913	-6.7193	0.0000	1.0000	0.0000	0.0000
1.9134	1.6020	1.0000	0.0000	0.0000	0.0000
7.7638	-0.9889	0.0000	0.0000	1.0000	0.0000
-7.0219	-9.5978	0.0000	0.0000	0.0000	1.0000
8.4334	-5.8784	0.0000	0.0000	0.0000	1.0000
-5.1477	-9.2719	0.0000	0.0000	0.0000	1.0000
2.7874	2.9117	1.0000	0.0000	0.0000	0.0000
-8.0798	-7.9623	0.0000	0.0000	0.0000	1.0000
3.2964	-4.7903	0.0000	1.0000	0.0000	0.0000
8.5517	-5.0894	0.0000	0.0000	0.0000	1.0000
-1.2826	-3.3394	1.0000	0.0000	0.0000	0.0000
-8.9304	-7.0171	0.0000	0.0000	0.0000	1.0000
-7.4735	-8.8658	0.0000	0.0000	0.0000	1.0000
-8.2533	-1.3750	0.0000	0.0000	1.0000	0.0000
-8.4328	-4.9828	0.0000	0.0000	0.0000	1.0000
5.4404	-3.7141	0.0000	1.0000	0.0000	0.0000
-0.1040	3.8240	1.0000	0.0000	0.0000	0.0000
-1.9912	-6.5053	0.0000	1.0000	0.0000	0.0000
-4.7560	6.8598	0.0000	0.0000	1.0000	0.0000
8.9306	-0.3717	0.0000	0.0000	1.0000	0.0000
-8.1965	1.8981	0.0000	0.0000	1.0000	0.0000
-9.8165	6.9069	0.0000	0.0000	0.0000	1.0000
-3.5741	1.9811	1.0000	0.0000	0.0000	0.0000
-2.1731	-5.1370	0.0000	1.0000	0.0000	0.0000
-0.1711	2.6527	1.0000	0.0000	0.0000	0.0000
-9.6994	1.1500	0.0000	0.0000	0.0000	1.0000
1.9912	-9.7205	0.0000	0.0000	0.0000	1.0000
4.5390	6.6826	0.0000	0.0000	1.0000	0.0000
8.1585	6.8796	0.0000	0.0000	0.0000	1.0000
-8.4693	-3.3306	0.0000	0.0000	1.0000	0.0000
-4.5285	1.3038	0.0000	1.0000	0.0000	0.0000
2.5802	7.7420	0.0000	0.0000	1.0000	0.0000
-8.7227	7.0934	0.0000	0.0000	0.0000	1.0000
-5.1373	8.7106	0.0000	0.0000	0.0000	1.0000
-5.4991	2.1494	0.0000	1.0000	0.0000	0.0000
-0.4036	-7.0109	0.0000	1.0000	0.0000	0.0000
4.0801	2.9358	0.0000	1.0000	0.0000	0.0000
-2.1059	1.2069	1.0000	0.0000	0.0000	0.0000
-8.7492	-9.8336	0.0000	0.0000	0.0000	1.0000
-9.6702	6.8804	0.0000	0.0000	0.0000	1.0000
-8.8625	5.9963	0.0000	0.0000	0.0000	1.0000
-6.3231	4.9957	0.0000	0.0000	1.0000	0.0000
9.3320	9.3196	0.0000	0.0000	0.0000	1.0000
5.3809	-3.5745	0.0000	1.0000	0.0000	0.0000
1.8859	-7.5310	0.0000	0.0000	1.0000	0.0000
-6.0808	-1.9526	0.0000	1.0000	0.0000	0.0000
-4.5199	2.7147	0.0000	1.0000	0.0000	0.0000
2.6831	-2.1597	1.0000	0.0000	0.0000	0.0000
5.8058	1.7365	0.0000	1.0000	0.0000	0.0000
2.1092	3.6361	1.0000	0.0000	0.0000	0.0000
8.8792	-8.7897	0.0000	0.0000	0.0000	1.0000
-1.9084	6.4082	0.0000	1.0000	0.0000	0.0000
-7.2057	1.7568	0.0000	1.0000	0.0000	0.0000
-5.8319	-0.1449	0.0000	1.0000	0.0000	0.0000
0.2449	3.5791	1.0000	0.0000	0.0000	0.0000
7.0969	-4.5318	0.0000	0.0000	1.0000	0.0000
8.0653	-1.8492	0.0000	0.0000	1.0000	0.0000
8.4015	-5.6014	0.0000	0.0000	0.0000	1.0000
-0.1450	0.0385	1.0000	0.0000	0.0000	0.0000
-5.9573	-4.0689	0.0000	1.0000	0.0000	0.0000
8.0360	-5.5170	0.0000	0.0000	0.0000	1.0000
-2.4302	7.2153	0.0000	0.0000	1.0000	0.0000
4.9416	2.9755	0.0000	1.0000	0.0000	0.0000
9.2003	8.3861	0.0000	0.0000	0.0000	1.0000
-1.8235	8.1136	0.0000	0.0000	1.0000	0.0000
4.4488	-9.1764	0.0000	0.0000	0.0000	1.0000
-9.4829	1.8768	0.0000	0.0000	0.0000	1.0000
3.9814	-4.4625	0.0000	1.0000	0.0000	0.0000
-4.6287	5.6304	0.0000	1.0000	0.0000	0.0000
-4.3872	5.5637	0.0000	1.0000	0.0000	0.0000
1.3770	2.0180	1.0000	0.0000	0.0000	0.0000
5.5784	-8.1860	0.0000	0.0000	0.0000	1.0000
5.5270	-7.4468	0.0000	0.0000	1.0000	0.0000
6.1547	-3.9955	0.0000	1.0000	0.0000	0.0000
4.3788	-7.3181	0.0000	0.0000	1.0000	0.0000
0.3642	-4.8432	0.0000	1.0000	0.0000	0.0000
-8.7201	-5.8272	0.0000	0.0000	0.0000	1.0000
9.1796	-1.7868	0.0000	0.0000	1.0000	0.0000
-8.2636	-4.4261	0.0000	0.0000	1.0000	0.0000
-1.5777	-5.4516	0.0000	1.0000	0.0000	0.0000
6.0489	5.2061	0.0000	0.0000	1.0000	0.0000
-5.8027	-4.9800	0.0000	0.0000	1.0000	0.0000
9.4090	1.7170	0.0000	0.0000	1.0000	0.0000
9.2649	5.2436	0.0000	0.0000	0.0000	1.0000
-8.0472	-3.9421	0.0000	0.0000	1.0000	0.0000
2.1332	-7.0777	0.0000	1.0000	0.0000	0.0000
-1.5485	7.1068	0.0000	1.0000	0.0000	0.0000
-6.8562	-3.4130	0.0000	0.0000	1.0000	0.0000
7.5439	6.0696	0.0000	0.0000	0.0000	1.0000
-9.2398	-6.8321	0.0000	0.0000	0.0000	1.0000
9.8400	-3.8385	0.0000	0.0000	0.0000	1.0000
3.0793	-0.6705	1.0000	0.0000	0.0000	0.0000
9.8045	8.3025	0.0000	0.0000	0.0000	1.0000
-7.4564	-4.3422	0.0000	0.0000	1.0000	0.0000
-1.1797	0.5660	1.0000	0.0000	0.0000	0.0000
5.1845	-9.0347	0.0000	0.0000	0.0000	1.0000
-1.2885	-5.7030	0.0000	1.0000	0.0000	0.0000
-5.9467	8.6004	0.0000	0.0000	0.0000	1.0000
2.3466	-9.9411	0.0000	0.0000	0.0000	1.0000
-8.6099	8.6916	0.0000	0.0000	0.0000	1.0000
8.2342	5.6372	0.0000	0.0000	0.0000	1.0000
7.5657	-3.6107	0.0000	0.0000	1.0000	0.0000
4.0947	0.4666	1.0000	0.0000	0.0000	0.0000
-6.1716	-4.7469	0.0000	0.0000	1.0000	0.0000
-6.7213	-5.8467	0.0000	0.0000	1.0000	0.0000
-3.1767	-1.3685	1.0000	0.0000	0.0000	0.0000
2.0277	-7.6845	0.0000	0.0000	1.0000	0.0000
6.3770	-1.1172	0.0000	1.0000	0.0000	0.0000
-5.5117	7.0620	0.0000	0.0000	1.0000	0.0000
8.9081	2.0979	0.0000	0.0000	1.0000	0.0000
4.7075	-3.7859	0.0000	1.0000	0.0000	0.0000
4.1970	9.8701	0.0000	0.0000	0.0000	1.0000
4.8158	-2.8559	0.0000	1.0000	0.0000	0.0000
3.0098	-5.1765	0.0000	1.0000	0.0000	0.0000
4.6570	-2.5808	0.0000	1.0000	0.0000	0.0000
-3.0151	-1.4663	1.0000	0.0000	0.0000	0.0000
-8.3353	-0.7985	0.0000	0.0000	1.0000	0.0000
-6.3698	-8.3821	0.0000	0.0000	0.0000	1.0000
-5.7087	4.8413	0.0000	0.0000	1.0000	0.0000
9.8341	-5.2245	0.0000	0.0000	0.0000	1.0000
1.6495	-3.4708	1.0000	0.0000	0.0000	0.0000
-6.0762	-8.6048	0.0000	0.0000	0.0000	1.0000
-1.8995	8.0928	0.0000	0.0000	1.0000	0.0000
-0.7802	3.7020	1.0000	0.0000	0.0000	0.0000
-2.1804	-7.4069	0.0000	0.0000	1.0000	0.0000
-7.0623	-5.9957	0.0000	0.0000	1.0000	0.0000
-0.8614	-7.1726	0.0000	1.0000	0.0000	0.0000
8.1535	-1.3301	0.0000	0.0000	1.0000	0.0000
-9.1802	-1.7645	0.0000	0.0000	1.0000	0.0000
-9.1465	2.3443	0.0000	0.0000	1.0000	0.0000
0.5163	1.1346	1.0000	0.0000	0.0000	0.0000
4.7253	7.3013	0.0000	0.0000	1.0000	0.0000
8.5343	-4.4634	0.0000	0.0000	0.0000	1.0000
-1.5206	-6.7808	0.0000	1.0000	0.0000	0.0000
9.7920	-6.4334	0.0000	0.0000	0.0000	1.0000
-6.9948	7.9921	0.0000	0.0000	0.0000	1.0000
4.1923	3.5580	0.0000	1.0000	0.0000	0.0000
-0.2855	7.8472	0.0000	0.0000	1.0000	0.0000
-2.0990	1.2363	1.0000	0.0000	0.0000	0.0000
5.6930	2.8508	0.0000	1.0000	0.0000	0.0000
9.6017	8.3316	0.0000	0.0000	0.0000	1.0000
-8.0257	7.0718	0.0000	0.0000	0.0000	1.0000
-1.2882	-4.9741	0.0000	1.0000	0.0000	0.0000
6.9853	-5.5810	0.0000	0.0000	1.0000	0.0000
-6.3211	-7.1833	0.0000	0.0000	1.0000	0.0000
-8.7644	-4.3007	0.0000	0.0000	0.0000	1.0000
-4.1304	4.4616	0.0000	1.0000	0.0000	0.0000
2.7327	-7.0515	0.0000	0.0000	1.0000	0.0000
-1.9552	-8.4180	0.0000	0.0000	1.0000	0.0000
-8.0123	0.7331	0.0000	0.0000	1.0000	0.0000
-1.2443	0.5277	1.0000	0.0000	0.0000	0.0000
7.3575	-5.8799	0.0000	0.0000	1.0000	0.0000
8.7184	1.5726	0.0000	0.0000	1.0000	0.0000
-3.5284	-5.2295	0.0000	1.0000	0.0000	0.0000
-3.7522	-8.5907	0.0000	0.0000	1.0000	0.0000
-2.4473	4.9183	0.0000	1.0000	0.0000	0.0000
-3.9264	4.8302	0.0000	1.0000	0.0000	0.0000
3.5165	9.0541	0.0000	0.0000	0.0000	1.0000
-9.7382	-7.4886	0.0000	0.0000	0.0000	1.0000
-4.1542	3.8402	0.0000	1.0000	0.0000	0.0000
1.3930	4.8164	0.0000	1.0000	0.0000	0.0000
-4.8628	-4.8053	0.0000	1.0000	0.0000	0.0000
8.3850	-9.1071	0.0000	0.0000	0.0000	1.0000
4.3366	7.3041	0.0000	0.0000	1.0000	0.0000
-9.3855	3.7298	0.0000	0.0000	0.0000	1.0000
4.8558	4.1109	0.0000	1.0000	0.0000	0.0000
8.1717	-7.4499	0.0000	0.0000	0.0000	1.0000
-0.2707	0.4500	1.0000	0.0000	0.0000	0.0000
0.7303	-3.5791	1.0000	0.0000	0.0000	0.0000
-1.6365	-4.7611	0.0000	1.0000	0.0000	0.0000
-1.0426	1.8496	1.0000	0.0000	0.0000	0.0000
0.3620	-5.7397	0.0000	1.0000	0.0000	0.0000
0.5793	6.3055	0.0000	1.0000	0.0000	0.0000
2.3123	9.5871	0.0000	0.0000	0.0000	1.0000
-2.4857	3.7985	0.0000	1.0000	0.0000	0.0000
0.7619	-2.5365	1.0000	0.0000	0.0000	0.0000
6.4508	1.5808	0.0000	1.0000	0.0000	0.0000
-1.0614	-0.9049	1.0000	0.0000	0.0000	0.0000
-2.9473	-5.7649	0.0000	1.0000	0.0000	0.0000
1.0549	4.0462	1.0000	0.0000	0.0000	0.0000
-8.7077	0.4443	0.0000	0.0000	1.0000	0.0000
0.4226	6.9066	0.0000	1.0000	0.0000	0.0000
-9.6960	-9.5985	0.0000	0.0000	0.0000	1.0000
6.4757	-5.1034	0.0000	0.0000	1.0000	0.0000
4.5211	4.6524	0.0000	1.0000	0.0000	0.0000
-3.5172	-4.4719	0.0000	1.0000	0.0000	0.0000
3.1952	1.2634	1.0000	0.0000	0.0000	0.0000
6.4459	9.5659	0.0000	0.0000	0.0000	1.0000
2.6343	7.2548	0.0000	0.0000	1.0000	0.0000
-7.7038	7.0951	0.0000	0.0000	0.0000	1.0000
3.8309	2.6803	0.0000	1.0000	0.0000	0.0000
9.1503	-8.6358	0.0000	0.0000	0.0000	1.0000
1.3507	-7.7781	0.0000	0.0000	1.0000	0.0000
-7.0478	-2.2932	0.0000	1.0000	0.0000	0.0000
8.6327	1.7541	0.0000	0.0000	1.0000	0.0000
3.7935	-3.6027	0.0000	1.0000	0.0000	0.0000
-8.2071	-3.9800	0.0000	0.0000	1.0000	0.0000
-4.3226	-1.4393	0.0000	1.0000	0.0000	0.0000
2.1613	-5.1202	0.0000	1.0000	0.0000	0.0000
9.6092	6.4681	0.0000	0.0000	0.0000	1.0000
0.3762	4.7833	0.0000	1.0000	0.0000	0.0000
-6.9023	9.6140	0.0000	0.0000	0.0000	1.0000
-4.4789	2.0496	0.0000	1.0000	0.0000	0.0000
-1.6074	5.5311	0.0000	1.0000	0.0000	0.0000
-1.6197	-3.4287	1.0000	0.0000	0.0000	0.0000
5.0844	9.0980	0.0000	0.0000	0.0000	1.0000
3.3879	-2.1748	1.0000	0.0000	0.0000	0.0000
-5.9538	-8.3369	0.0000	0.0000	0.0000	1.0000
-6.9434	7.0026	0.0000	0.0000	0.0000	1.0000
-8.0923	-2.3379	0.0000	0.0000	1.0000	0.0000
2.6524	5.5114	0.0000	1.0000	0.0000	0.0000
-0.5888	4.7511	0.0000	1.0000	0.0000	0.0000
-6.6251	5.0882	0.0000	0.0000	1.0000	0.0000
-3.6270	-7.7786	0.0000	0.0000	1.0000	0.0000
4.6226	0.8458	0.0000	1.0000	0.0000	0.0000
-2.0778	-7.5347	0.0000	0.0000	1.0000	0.0000
-1.3378	0.2779	1.0000	0.0000	0.0000	0.0000
-1.3688	-6.8497	0.0000	1.0000	0.0000	0.0000
-6.1377	-1.3717	0.0000	1.0000	0.0000	0.0000
-9.1191	2.4437	0.0000	0.0000	1.0000	0.0000
-7.9541	3.6357	0.0000	0.0000	1.0000	0.0000
6.3149	2.5632	0.0000	1.0000	0.0000	0.0000
0.3917	-2.1196	1.0000	0.0000	0.0000	0.0000
9.6788	2.1492	0.0000	0.0000	0.0000	1.0000
5.9039	-2.7452	0.0000	1.0000	0.0000	0.0000
2.3794	-8.2961	0.0000	0.0000	1.0000	0.0000
-5.5358	5.5460	0.0000	0.0000	1.0000	0.0000
-1.3320	2.8636	1.0000	0.0000	0.0000	0.0000
9.7410	9.7493	0.0000	0.0000	0.0000	1.0000
-8.3429	-2.9208	0.0000	0.0000	1.0000	0.0000
-7.9759	9.2747	0.0000	0.0000	0.0000	1.0000
1.5871	-9.4109	0.0000	0.0000	1.0000	0.0000
-0.1866	1.6517	1.0000	0.0000	0.0000	0.0000
-4.1387	8.5809	0.0000	0.0000	1.0000	0.0000
2.8366	1.5615	1.0000	0.0000	0.0000	0.0000
0.0580	1.0477	1.0000	0.0000	0.0000	0.0000
-8.7076	2.8170	0.0000	0.0000	1.0000	0.0000
-3.4815	9.4875	0.0000	0.0000	0.0000	1.0000
3.3865	-3.7242	0.0000	1.0000	0.0000	0.0000
5.0592	4.4802	0.0000	1.0000	0.0000	0.0000
-3.6635	3.8761	0.0000	1.0000	0.0000	0.0000
-2.3573	3.5639	1.0000	0.0000	0.0000	0.0000
6.0541	-8.9489	0.0000	0.0000	0.0000	1.0000
2.6899	-4.7774	0.0000	1.0000	0.0000	0.0000
-6.0036	6.7062	0.0000	0.0000	1.0000	0.0000
4.2061	8.3826	0.0000	0.0000	1.0000	0.0000
8.4264	7.2105	0.0000	0.0000	0.0000	1.0000
-6.8403	-0.4012	0.0000	1.0000	0.0000	0.0000
6.5265	-5.5671	0.0000	0.0000	1.0000	0.0000
3.0270	6.1630	0.0000	1.0000	0.0000	0.0000
7.1854	-2.2618	0.0000	0.0000	1.0000	0.0000
3.0581	0.8143	1.0000	0.0000	0.0000	0.0000
8.7163	-4.5017	0.0000	0.0000	0.0000	1.0000
-5.3375	-6.2257	0.0000	0.0000	1.0000	0.0000
9.1507	7.4278	0.0000	0.0000	0.0000	1.0000
-4.3667	-4.0385	0.0000	1.0000	0.0000	0.0000
-3.3716	0.6436	1.0000	0.0000	0.0000	0.0000
4.2343	-4.7969	0.0000	1.0000	0.0000	0.0000
0.3929	-6.0297	0.0000	1.0000	0.0000	0.0000
7.5606	-9.8468	0.0000	0.0000	0.0000	1.0000
9.0371	2.0030	0.0000	0.0000	1.0000	0.0000
-9.7455	-7.4683	0.0000	0.0000	0.0000	1.0000
-4.5546	-8.0497	0.0000	0.0000	1.0000	0.0000
4.6768	-8.8278	0.0000	0.0000	0.0000	1.0000
-9.5403	-7.0915	0.0000	0.0000	0.0000	1.0000
1.2013	-5.7290	0.0000	1.0000	0.0000	0.0000
-7.9672	0.7116	0.0000	0.0000	1.0000	0.0000
1.7816	6.8290	0.0000	1.0000	0.0000	0.0000
0.2500	0.7100	1.0000	0.0000	0.0000	0.0000
4.1436	9.7813	0.0000	0.0000	0.0000	1.0000
-9.6457	6.2389	0.0000	0.0000	0.0000	1.0000
-1.3562	-8.6083	0.0000	0.0000	1.0000	0.0000
3.5818	8.0362	0.0000	0.0000	1.0000	0.0000
9.5249	6.0566	0.0000	0.0000	0.0000	1.0000
6.1546	-8.3073	0.0000	0.0000	0.0000	1.0000
6.3834	-8.6697	0.0000	0.0000	0.0000	1.0000
5.1523	2.3985	0.0000	1.0000	0.0000	0.0000
1.2066	-3.2977	1.0000	0.0000	0.0000	0.0000
-9.5558	-7.0943	0.0000	0.0000	0.0000	1.0000
9.1476	6.3611	0.0000	0.0000	0.0000	1.0000
-5.6481	-7.8152	0.0000	0.0000	0.0000	1.0000
-0.5865	6.0469	0.0000	1.0000	0.0000	0.0000
-2.0111	-8.1253	0.0000	0.0000	1.0000	0.0000
-8.4814	3.5436	0.0000	0.0000	1.0000	0.0000
-6.3614	5.6587	0.0000	0.0000	1.0000	0.0000
4.8523	4.2959	0.0000	1.0000	0.0000	0.0000
1.8235	-4.1624	0.0000	1.0000	0.0000	0.0000
-5.1753	6.4623	0.0000	0.0000	1.0000	0.0000
-0.9900	-8.3590	0.0000	0.0000	1.0000	0.0000
3.2646	-9.6652	0.0000	0.0000	0.0000	1.0000
-7.6004	9.5497	0.0000	0.0000	0.0000	1.0000
-0.8016	-0.5490	1.0000	0.0000	0.0000	0.0000
-2.4306	6.2827	0.0000	1.0000	0.0000	0.0000
1.2425	7.0056	0.0000	1.0000	0.0000	0.0000
5.7263	3.9486	0.0000	1.0000	0.0000	0.0000
1.4908	-3.0091	1.0000	0.0000	0.0000	0.0000
-7.5456	-2.1805	0.0000	0.0000	1.0000	0.0000
-9.9170	-9.6967	0.0000	0.0000	0.0000	1.0000
7.0091	6.0857	0.0000	0.0000	1.0000	0.0000
1.4174	-4.9244	0.0000	1.0000	0.0000	0.0000
-2.9853	-9.1272	0.0000	0.0000	0.0000	1.0000
0.4890	-8.0554	0.0000	0.0000	1.0000	0.0000
-0.7731	0.2114	1.0000	0.0000	0.0000	0.0000
-4.6674	-7.6501	0.0000	0.0000	1.0000	0.0000
3.7423	9.5006	0.0000	0.0000	0.0000	1.0000
4.7654	8.4067	0.0000	0.0000	0.0000	1.0000
9.7110	6.7130	0.0000	0.0000	0.0000	1.0000
1.8747	-5.7058	0.0000	1.0000	0.0000	0.0000
-0.8100	1.2331	1.0000	0.0000	0.0000	0.0000
2.2969	-0.6406	1.0000	0.0000	0.0000	0.0000
9.8183	-2.8234	0.0000	0.0000	0.0000	1.0000
-8.1102	-7.6366	0.0000	0.0000	0.0000	1.0000
7.9655	3.7482	0.0000	0.0000	1.0000	0.0000
-2.3629	-1.9778	1.0000	0.0000	0.0000	0.0000
-6.2666	2.8575	0.0000	1.0000	0.0000	0.0000
-6.6692	1.5134	0.0000	1.0000	0.0000	0.0000
5.3116	-2.2037	0.0000	1.0000	0.0000	0.0000
1.8079	1.9890	1.0000	0.0000	0.0000	0.0000
-7.5023	3.5081	0.0000	0.0000	1.0000	0.0000
4.4370	4.0036	0.0000	1.0000	0.0000	0.0000
-9.9860	2.0132	0.0000	0.0000	0.0000	1.0000
2.5071	-6.1898	0.0000	1.0000	0.0000	0.0000
-1.4529	-5.0639	0.0000	1.0000	0.0000	0.0000
6.6030	-9.8718	0.0000	0.0000	0.0000	1.0000
-2.2650	3.1892	1.0000	0.0000	0.0000	0.0000
7.9666	4.6369	0.0000	0.0000	1.0000	0.0000
2.8418	-9.2073	0.0000	0.0000	0.0000	1.0000
2.2276	-2.3041	1.0000	0.0000	0.0000	0.0000
5.9105	-3.1476	0.0000	1.0000	0.0000	0.0000
6.6116	-9.2362	0.0000	0.0000	0.0000	1.0000
-3.6618	6.8510	0.0000	0.0000	1.0000	0.0000
-2.9560	8.0096	0.0000	0.0000	1.0000	0.0000
6.8461	-1.6200	0.0000	1.0000	0.0000	0.0000
-5.3858	-4.0822	0.0000	1.0000	0.0000	0.0000
-6.0268	9.5085	0.0000	0.0000	0.0000	1.0000
-6.3049	1.2142	0.0000	1.0000	0.0000	0.0000
7.8254	-1.7748	0.0000	0.0000	1.0000	0.0000
-5.0185	6.1389	0.0000	0.0000	1.0000	0.0000
-3.3971	-6.9439	0.0000	0.0000	1.0000	0.0000
-1.9874	-0.4304	1.0000	0.0000	0.0000	0.0000
4.9853	-3.0176	0.0000	1.0000	0.0000	0.0000
-1.7484	-1.2648	1.0000	0.0000	0.0000	0.0000
7.8195	5.1186	0.0000	0.0000	1.0000	0.0000
-0.8051	-6.3825	0.0000	1.0000	0.0000	0.0000
6.3342	-1.2356	0.0000	1.0000	0.0000	0.0000
1.9768	1.9047	1.0000	0.0000	0.0000	0.0000
-2.6867	-6.1779	0.0000	1.0000	0.0000	0.0000
-8.7214	-4.5523	0.0000	0.0000	0.0000	1.0000
2.2356	-1.0146	1.0000	0.0000	0.0000	0.0000
-9.0520	8.5933	0.0000	0.0000	0.0000	1.0000
0.7405	7.9029	0.0000	0.0000	1.0000	0.0000
-4.0154	-7.4114	0.0000	0.0000	1.0000	0.0000
3.2731	-6.0157	0.0000	1.0000	0.0000	0.0000
-4.6782	-1.4171	0.0000	1.0000	0.0000	0.0000
8.9948	4.4733	0.0000	0.0000	0.0000	1.0000
-3.2219	-6.1507	0.0000	1.0000	0.0000	0.0000
5.0919	-5.5364	0.0000	0.0000	1.0000	0.0000
6.0152	-0.1771	0.0000	1.0000	0.0000	0.0000
4.8316	-0.2938	0.0000	1.0000	0.0000	0.0000
-0.9464	-6.5243	0.0000	1.0000	0.0000	0.0000
-8.8451	-8.8593	0.0000	0.0000	0.0000	1.0000
4.6910	-1.9839	0.0000	1.0000	0.0000	0.0000
0.7983	9.6092	0.0000	0.0000	0.0000	1.0000
1.9450	-6.8157	0.0000	1.0000	0.0000	0.0000
3.2001	4.6102	0.0000	1.0000	0.0000	0.0000
-8.4342	-3.5703	0.0000	0.0000	1.0000	0.0000
-8.5591	-6.6873	0.0000	0.0000	0.0000	1.0000
-1.0990	7.6631	0.0000	0.0000	1.0000	0.0000
9.3350	-4.5148	0.0000	0.0000	0.0000	1.0000
-4.4128	4.0942	0.0000	1.0000	0.0000	0.0000
-1.1775	-0.7906	1.0000	0.0000	0.0000	0.0000
-5.1949	0.1933	0.0000	1.0000	0.0000	0.0000
-8.1067	-6.4241	0.0000	0.0000	0.0000	1.0000
6.3957	3.2166	0.0000	1.0000	0.0000	0.0000
-2.5214	1.6884	1.0000	0.0000	0.0000	0.0000
-3.5566	7.7096	0.0000	0.0000	1.0000	0.0000
-1.2975	3.3911	1.0000	0.0000	0.0000	0.0000
8.4220	5.9352	0.0000	0.0000	0.0000	1.0000
-7.1428	-7.4901	0.0000	0.0000	0.0000	1.0000
-0.1097	4.9235	0.0000	1.0000	0.0000	0.0000
9.5083	8.4165	0.0000	0.0000	0.0000	1.0000
-7.9396	-6.1463	0.0000	0.0000	0.0000	1.0000
4.9277	6.2740	0.0000	0.0000	1.0000	0.0000
-8.4277	-6.0433	0.0000	0.0000	0.0000	1.0000
-0.3108	-8.0717	0.0000	0.0000	1.0000	0.0000
1.1258	4.2950	0.0000	1.0000	0.0000	0.0000
2.5989	-0.8719	1.0000	0.0000	0.0000	0.0000
3.3924	1.4941	1.0000	0.0000	0.0000	0.0000
6.1253	-4.6733	0.0000	0.0000	1.0000	0.0000
-6.2570	4.9252	0.0000	0.0000	1.0000	0.0000
-5.8672	4.5261	0.0000	1.0000	0.0000	0.0000
2.8499	4.3562	0.0000	1.0000	0.0000	0.0000
8.8334	1.6919	0.0000	0.0000	1.0000	0.0000
-5.6634	-3.5121	0.0000	1.0000	0.0000	0.0000
5.3842	8.5194	0.0000	0.0000	0.0000	1.0000
-9.3640	-5.2196	0.0000	0.0000	0.0000	1.0000
-0.7736	9.6606	0.0000	0.0000	0.0000	1.0000
3.4494	-9.7363	0.0000	0.0000	0.0000	1.0000
7.2479	-3.7051	0.0000	0.0000	1.0000	0.0000
5.7228	-2.8231	0.0000	1.0000	0.0000	0.0000
1.7204	-3.7450	1.0000	0.0000	0.0000	0.0000
-0.1385	0.5574	1.0000	0.0000	0.0000	0.0000
0.1862	-1.7488	1.0000	0.0000	0.0000	0.0000
-2.3862	8.6147	0.0000	0.0000	1.0000	0.0000
-2.4133	0.1282	1.0000	0.0000	0.0000	0.0000
5.1003	-5.8417	0.0000	0.0000	1.0000	0.0000
-7.6219	7.1779	0.0000	0.0000	0.0000	1.0000
-4.4926	7.7162	0.0000	0.0000	1.0000	0.0000
4.3652	-2.4493	0.0000	1.0000	0.0000	0.0000
-6.2782	8.0848	0.0000	0.0000	0.0000	1.0000
3.3054	-1.7336	1.0000	0.0000	0.0000	0.0000
-8.9024	-4.8062	0.0000	0.0000	0.0000	1.0000
2.4754	-6.0949	0.0000	1.0000	0.0000	0.0000
7.6066	6.9399	0.0000	0.0000	0.0000	1.0000
-9.2184	-3.9022	0.0000	0.0000	0.0000	1.0000
-6.9445	-0.8869	0.0000	1.0000	0.0000	0.0000
-2.8068	2.0196	1.0000	0.0000	0.0000	0.0000
-3.3632	6.1727	0.0000	1.0000	0.0000	0.0000
-0.0315	-8.6208	0.0000	0.0000	1.0000	0.0000
2.9682	4.7631	0.0000	1.0000	0.0000	0.0000
5.9653	-3.6876	0.0000	1.0000	0.0000	0.0000
-4.5904	0.6360	0.0000	1.0000	0.0000	0.0000
-2.7496	-0.6806	1.0000	0.0000	0.0000	0.0000
-3.6137	3.4632	0.0000	1.0000	0.0000	0.0000
-9.5604	0.9877	0.0000	0.0000	0.0000	1.0000
0.9243	2.1070	1.0000	0.0000	0.0000	0.0000
2.6764	-4.1717	0.0000	1.0000	0.0000	0.0000
-9.2084	-7.4220	0.0000	0.0000	0.0000	1.0000
-5.6174	3.7516	0.0000	1.0000	0.0000	0.0000
-8.8178	4.8884	0.0000	0.0000	0.0000	1.0000
-8.3441	8.1228	0.0000	0.0000	0.0000	1.0000
-8.5594	-7.1841	0.0000	0.0000	0.0000	1.0000
1.5814	-4.0161	0.0000	1.0000	0.0000	0.0000
-9.1582	-7.9065	0.0000	0.0000	0.0000	1.0000
3.1440	8.7497	0.0000	0.0000	1.0000	0.0000
8.3707	7.3698	0.0000	0.0000	0.0000	1.0000
2.7683	-5.5329	0.0000	1.0000	0.0000	0.0000
-8.5088	-6.6669	0.0000	0.0000	0.0000	1.0000
-2.6421	6.2622	0.0000	1.0000	0.0000	0.0000
3.2138	6.5068	0.0000	1.0000	0.0000	0.0000
-3.2311	2.2586	1.0000	0.0000	0.0000	0.0000
8.9188	7.1529	0.0000	0.0000	0.0000	1.0000
-3.0633	6.7471	0.0000	1.0000	0.0000	0.0000
0.5625	7.0258	0.0000	1.0000	0.0000	0.0000
3.4984	-9.6554	0.0000	0.0000	0.0000	1.0000
5.4560	5.0372	0.0000	0.0000	1.0000	0.0000
3.3465	5.8492	0.0000	1.0000	0.0000	0.0000
5.3677	-5.7495	0.0000	0.0000	1.0000	0.0000
-2.3546	7.7544	0.0000	0.0000	1.0000	0.0000
3.0394	5.4252	0.0000	1.0000	0.0000	0.0000
9.5824	-2.7696	0.0000	0.0000	0.0000	1.0000
9.9158	-6.2879	0.0000	0.0000	0.0000	1.0000
-0.1978	-4.3197	0.0000	1.0000	0.0000	0.0000
2.1372	4.9680	0.0000	1.0000	0.0000	0.0000
-6.8189	-0.6732	0.0000	1.0000	0.0000	0.0000
-0.5595	-6.3698	0.0000	1.0000	0.0000	0.0000
-2.6037	3.3623	1.0000	0.0000	0.0000	0.0000
-9.7293	-8.2161	0.0000	0.0000	0.0000	1.0000
2.5175	-7.4998	0.0000	0.0000	1.0000	0.0000
-6.3417	1.8150	0.0000	1.0000	0.0000	0.0000
1.5040	5.7242	0.0000	1.0000	0.0000	0.0000
0.2328	7.1326	0.0000	1.0000	0.0000	0.0000
-9.9985	5.6230	0.0000	0.0000	0.0000	1.0000
3.1452	-9.4553	0.0000	0.0000	0.0000	1.0000
-6.6730	-4.4488	0.0000	0.0000	1.0000	0.0000
2.2754	-2.0540	1.0000	0.0000	0.0000	0.0000
-6.6465	0.9034	0.0000	1.0000	0.0000	0.0000
-3.4609	9.5105	0.0000	0.0000	0.0000	1.0000
-2.6193	8.8040	0.0000	0.0000	1.0000	0.0000
3.3694	-6.9613	0.0000	0.0000	1.0000	0.0000
6.5738	2.8642	0.0000	1.0000	0.0000	0.0000
-6.7139	-2.6510	0.0000	1.0000	0.0000	0.0000
3.9224	-0.4732	1.0000	0.0000	0.0000	0.0000
0.5218	-7.2746	0.0000	1.0000	0.0000	0.0000
1.8069	1.1585	1.0000	0.0000	0.0000	0.0000
7.9861	-6.7876	0.0000	0.0000	0.0000	1.0000
-9.5807	5.1176	0.0000	0.0000	0.0000	1.0000
9.1431	-0.3003	0.0000	0.0000	1.0000	0.0000
3.8783	5.1525	0.0000	1.0000	0.0000	0.0000
-5.3834	7.9767	0.0000	0.0000	0.0000	1.0000
7.2585	-7.8176	0.0000	0.0000	0.0000	1.0000
2.6261	0.4594	1.0000	0.0000	0.0000	0.0000
8.9505	7.6782	0.0000	0.0000	0.0000	1.0000
-2.9361	-0.7608	1.0000	0.0000	0.0000	0.0000
-2.9819	-1.6194	1.0000	0.0000	0.0000	0.0000
0.4713	-0.9017	1.0000	0.0000	0.0000	0.0000
8.2281	4.8092	0.0000	0.0000	1.0000	0.0000
-5.5730	-9.0671	0.0000	0.0000	0.0000	1.0000
-4.9447	0.4789	0.0000	1.0000	0.0000	0.0000
-9.3415	4.7108	0.0000	0.0000	0.0000	1.0000
-8.4857	-1.6457	0.0000	0.0000	1.0000	0.0000
-1.5614	-9.9620	0.0000	0.0000	0.0000	1.0000
-8.6386	2.5302	0.0000	0.0000	1.0000	0.0000
-7.7037	-1.1872	0.0000	0.0000	1.0000	0.0000
5.7421	9.9286	0.0000	0.0000	0.0000	1.0000
-6.8269	-9.3425	0.0000	0.0000	0.0000	1.0000
0.8042	-8.8023	0.0000	0.0000	1.0000	0.0000
-1.4284	7.9730	0.0000	0.0000	1.0000	0.0000
5.3489	-7.9577	0.0000	0.0000	0.0000	1.0000
-4.2872	-1.5208	0.0000	1.0000	0.0000	0.0000
-4.3160	-8.9828	0.0000	0.0000	0.0000	1.0000
-7.9163	-4.3657	0.0000	0.0000	1.0000	0.0000
3.7962	-0.3331	1.0000	0.0000	0.0000	0.0000
4.2251	8.3371	0.0000	0.0000	1.0000	0.0000
2.3659	6.8906	0.0000	1.0000	0.0000	0.0000
0.6146	4.4190	0.0000	1.0000	0.0000	0.0000
-6.3427	-3.8924	0.0000	0.0000	1.0000	0.0000
-8.8211	6.9910	0.0000	0.0000	0.0000	1.0000
-3.5552	1.7167	1.0000	0.0000	0.0000	0.0000
-3.6268	9.6728	0.0000	0.0000	0.0000	1.0000
-9.0854	-1.5760	0.0000	0.0000	1.0000	0.0000
2.8763	-8.8432	0.0000	0.0000	1.0000	0.0000
-3.0581	0.2760	1.0000	0.0000	0.0000	0.0000
-1.9555	-4.7164	0.0000	1.0000	0.0000	0.0000
-6.0960	8.1685	0.0000	0.0000	0.0000	1.0000
0.9049	1.0172	1.0000	0.0000	0.0000	0.0000
4.7343	-7.2302	0.0000	0.0000	1.0000	0.0000
-3.8796	2.2347	0.0000	1.0000	0.0000	0.0000
-3.7581	-9.0613	0.0000	0.0000	0.0000	1.0000
-7.6523	6.1257	0.0000	0.0000	0.0000	1.0000
4.8049	-5.1533	0.0000	1.0000	0.0000	0.0000
-3.6628	-4.0535	0.0000	1.0000	0.0000	0.0000
-2.2340	-1.5743	1.0000	0.0000	0.0000	0.0000
-6.9876	-5.8936	0.0000	0.0000	1.0000	0.0000
3.0348	-8.5083	0.0000	0.0000	1.0000	0.0000
8.7122	5.9645	0.0000	0.0000	0.0000	1.0000
-0.5045	8.8676	0.0000	0.0000	1.0000	0.0000
5.7208	-0.9368	0.0000	1.0000	0.0000	0.0000
-5.6010	-8.2800	0.0000	0.0000	0.0000	1.0000
5.9380	9.0312	0.0000	0.0000	0.0000	1.0000
0.7157	3.0943	1.0000	0.0000	0.0000	0.0000
1.4796	3.4925	1.0000	0.0000	0.0000	0.0000
-8.1878	-7.4138	0.0000	0.0000	0.0000	1.0000
4.9709	-1.5137	0.0000	1.0000	0.0000	0.0000
-6.4911	9.2025	0.0000	0.0000	0.0000	1.0000
4.3849	-8.1241	0.0000	0.0000	1.0000	0.0000
-7.2342	6.6949	0.0000	0.0000	0.0000	1.0000
-3.6894	4.4655	0.0000	1.0000	0.0000	0.0000
2.2887	-1.5122	1.0000	0.0000	0.0000	0.0000
9.2746	7.1813	0.0000	0.0000	0.0000	1.0000
9.9448	-3.5666	0.0000	0.0000	0.0000	1.0000
-1.2566	-6.1004	0.0000	1.0000	0.0000	0.0000
7.7897	-4.3152	0.0000	0.0000	1.0000	0.0000
-3.7993	-3.6400	0.0000	1.0000	0.0000	0.0000
-3.2951	2.7216	1.0000	0.0000	0.0000	0.0000
0.6741	8.5047	0.0000	0.0000	1.0000	0.0000
1.2928	0.3673	1.0000	0.0000	0.0000	0.0000
2.6332	-5.6003	0.0000	1.0000	0.0000	0.0000
-1.6791	-3.2648	1.0000	0.0000	0.0000	0.0000
7.7536	0.3087	0.0000	0.0000	1.0000	0.0000
7.1812	-9.1015	0.0000	0.0000	0.0000	1.0000
-3.3270	6.4713	0.0000	1.0000	0.0000	0.0000
5.2599	2.8451	0.0000	1.0000	0.0000	0.0000
1.4433	-5.8580	0.0000	1.0000	0.0000	0.0000
-3.9939	6.2852	0.0000	0.0000	1.0000	0.0000
-2.3385	-0.1211	1.0000	0.0000	0.0000	0.0000
6.3360	-8.3559	0.0000	0.0000	0.0000	1.0000
-0.2183	-8.6880	0.0000	0.0000	1.0000	0.0000
-5.3518	-7.0398	0.0000	0.0000	1.0000	0.0000
-6.9410	-1.0410	0.0000	1.0000	0.0000	0.0000
8.1483	-3.1601	0.0000	0.0000	1.0000	0.0000
-5.2870	-5.3678	0.0000	0.0000	1.0000	0.0000
-6.5506	-5.5518	0.0000	0.0000	1.0000	0.0000
-0.4273	0.1802	1.0000	0.0000	0.0000	0.0000
7.2882	-7.8348	0.0000	0.0000	0.0000	1.0000
-4.7735	6.8798	0.0000	0.0000	1.0000	0.0000
-0.2952	-8.0118	0.0000	0.0000	1.0000	0.0000
-7.1960	6.8904	0.0000	0.0000	0.0000	1.0000
-0.7985	7.9390	0.0000	0.0000	1.0000	0.0000
-4.6961	8.0932	0.0000	0.0000	1.0000	0.0000
-5.6416	-3.8770	0.0000	1.0000	0.0000	0.0000
-6.8974	7.5336	0.0000	0.0000	0.0000	1.0000
-3.6317	8.1703	0.0000	0.0000	1.0000	0.0000
4.4322	6.7229	0.0000	0.0000	1.0000	0.0000
-0.3863	4.2315	1.0000	0.0000	0.0000	0.0000
-5.2021	-0.2079	0.0000	1.0000	0.0000	0.0000
8.3377	9.3968	0.0000	0.0000	0.0000	1.0000
-5.8652	-0.4307	0.0000	1.0000	0.0000	0.0000
8.7808	-1.0004	0.0000	0.0000	1.0000	0.0000
-3.5282	-3.5974	0.0000	1.0000	0.0000	0.0000
5.5314	4.9509	0.0000	0.0000	1.0000	0.0000
-2.8581	2.2431	1.0000	0.0000	0.0000	0.0000
-5.8989	-3.8310	0.0000	1.0000	0.0000	0.0000
-8.4844	-9.2251	0.0000	0.0000	0.0000	1.0000
-1.8063	7.4014	0.0000	0.0000	1.0000	0.0000
-6.0811	3.1870	0.0000	1.0000	0.0000	0.0000
6.6543	0.0998	0.0000	1.0000	0.0000	0.0000
-6.1515	9.5679	0.0000	0.0000	0.0000	1.0000
4.7339	1.2213	0.0000	1.0000	0.0000	0.0000
0.4900	0.3894	1.0000	0.0000	0.0000	0.0000
0.5344	-5.4841	0.0000	1.0000	0.0000	0.0000
-6.9859	2.0933	0.0000	1.0000	0.0000	0.0000
7.4941	-7.5346	0.0000	0.0000	0.0000	1.0000
